,passer_year_id,mean_epa_pressure_False,mean_epa_pressure_True,sack_rate_pressure_False,sack_rate_pressure_True,int_rate_pressure_False,int_rate_pressure_True,avg_air_yards_deep,avg_air_yards_short,qb_epa_per_attempt_deep,qb_epa_per_attempt_short,completion_pct_deep,completion_pct_short,designed_runs,avg_yards_gained,dropbacks_x,designed_run_rate,scrambles,avg_scramble_yards,scramble_epa,scramble_rate,overall_epa_per_dropback,year_x,passer_id,passer_name,passer_name_year_id,agility,acceleration,speed,stamina,playrecognition,changeofdirection,height_inches,label,label_gmm
0,2020_00-0019596,0.39121908748628814,0.026525170980655703,0.0,0.0,0.016544117647058824,0.03,26.270588235294117,4.2530541012216405,0.5196081718052424,0.2272677652637676,0.45294117647058824,0.7068062827225131,39,-0.1282051282051282,773.0,0.050452781371280724,4.0,2.0,-0.5241887724180927,0.00517464424320828,0.2242888963952049,2020,00-0019596,T.Brady,2020_T.Brady,70.0,66.0,60.0,99.0,20.0,66.0,76.0,3,0
1,2020_00-0020531,0.29819539812605833,-0.054200540250488226,0.0,0.0,0.017241379310344827,0.02654867256637168,20.096774193548388,3.7017543859649122,0.7525024400407171,0.1277999654562373,0.5645161290322581,0.7192982456140351,21,0.0,475.0,0.04421052631578947,2.0,1.5,-0.8983381873296556,0.004210526315789474,0.13560529227897233,2020,00-0020531,D.Brees,2020_D.Brees,68.0,72.0,67.0,77.0,27.0,71.0,72.0,3,3
2,2020_00-0022924,0.1500128381683879,0.03134878592182994,0.0,0.0,0.01876172607879925,0.027972027972027972,24.83783783783784,3.5982300884955754,0.17784182670500767,0.11451199356870191,0.36936936936936937,0.7168141592920354,23,-0.43478260869565216,696.0,0.033045977011494254,3.0,7.0,0.3684840711648576,0.004310344827586207,0.0896695897875832,2020,00-0022924,B.Roethlisberger,2020_B.Roethlisberger,67.0,78.0,72.0,85.0,19.0,63.0,77.0,2,2
3,2020_00-0022942,0.25055997432324184,0.27188257339504185,0.0,0.0,0.02050113895216401,0.013605442176870748,23.558823529411764,3.7954545454545454,0.6384810298754672,0.1752840949786708,0.49019607843137253,0.7148760330578512,18,-0.6666666666666666,608.0,0.029605263157894735,1.0,3.0,-0.3309874623082578,0.001644736842105263,0.19615294271488834,2020,00-0022942,P.Rivers,2020_P.Rivers,59.0,70.0,65.0,92.0,26.0,60.0,77.0,3,0
4,2020_00-0023436,0.19364633538943127,-0.44739865200894485,0.0,0.0,0.016666666666666666,0.06944444444444445,25.24137931034483,2.484304932735426,0.5964078869184604,-0.06570489370036657,0.4482758620689655,0.695067264573991,7,-0.8571428571428571,274.0,0.025547445255474453,3.0,3.0,-0.307541099745625,0.010948905109489052,-0.11929879198001148,2020,00-0023436,A.Smith,2020_A.Smith,77.0,81.0,75.0,75.0,31.0,61.0,76.0,8,3
5,2020_00-0023459,0.4806019312982861,0.17479778333815818,0.0,0.0,0.012711864406779662,0.0,27.380165289256198,3.0596707818930042,0.8714088324860341,0.29835667405891414,0.4297520661157025,0.7736625514403292,17,-0.23529411764705882,634.0,0.026813880126182965,25.0,6.0,0.7369039901893121,0.03943217665615142,0.3316462323714953,2020,00-0023459,A.Rodgers,2020_A.Rodgers,82.0,82.0,77.0,97.0,25.0,80.0,74.0,5,0
6,2020_00-0023682,0.24197352420236456,0.24850047181914697,0.0,0.0,0.026595744680851064,0.038461538461538464,20.837209302325583,5.309417040358745,0.6149213900679235,0.17234277838124348,0.5813953488372093,0.7085201793721974,16,2.0625,282.0,0.05673758865248227,15.0,8.0,0.40430219078788737,0.05319148936170213,0.17250441136918546,2020,00-0023682,R.Fitzpatrick,2020_R.Fitzpatrick,72.0,79.0,70.0,83.0,10.0,74.0,74.0,5,0
7,2020_00-0026143,0.3259922313645898,-0.009304210341643176,0.0,0.0,0.009389671361502348,0.035175879396984924,23.69291338582677,4.694164989939638,0.4886766227831293,0.15179683185045803,0.5039370078740157,0.6901408450704225,13,-0.9230769230769231,669.0,0.01943198804185351,16.0,6.5,0.7367873215189487,0.02391629297458894,0.10066432228457368,2020,00-0026143,M.Ryan,2020_M.Ryan,68.0,80.0,71.0,72.0,15.0,68.0,77.0,5,0
8,2020_00-0026498,0.19199318523609715,0.3101722523086896,0.0,0.0,0.020202020202020204,0.016,26.596153846153847,4.439903846153846,0.6817247041885619,0.1069396471111464,0.47115384615384615,0.6971153846153846,13,-0.38461538461538464,563.0,0.023090586145648313,16.0,7.3125,0.80645298593296,0.028419182948490232,0.09954971746303796,2020,00-0026498,M.Stafford,2020_M.Stafford,73.0,77.0,73.0,93.0,17.0,69.0,74.0,5,0
9,2020_00-0027939,0.25823369868312,-0.18829445524562174,0.0,0.0,0.01968503937007874,0.044642857142857144,23.527272727272727,3.864951768488746,0.6461131618965549,0.02883008544595602,0.5272727272727272,0.684887459807074,119,3.4201680672268906,398.0,0.2989949748743719,20.0,9.25,0.5379101792581199,0.05025125628140704,-0.009546513289756602,2020,00-0027939,C.Newton,2020_C.Newton,85.0,87.0,84.0,85.0,25.0,80.0,77.0,0,4
10,2020_00-0027973,0.14182293724233247,-0.06415688515377087,0.0,0.0,0.016877637130801686,0.041666666666666664,24.454545454545453,4.197231833910035,0.03779452673463979,0.08923880960327557,0.3409090909090909,0.6955017301038062,13,2.1538461538461537,357.0,0.036414565826330535,15.0,5.733333333333333,0.4385314274812117,0.04201680672268908,-0.03137498561019349,2020,00-0027973,A.Dalton,2020_A.Dalton,74.0,80.0,74.0,82.0,10.0,74.0,74.0,4,2
11,2020_00-0029263,0.2716004356918599,0.2095207730763155,0.0,0.0,0.024213075060532687,0.023391812865497075,29.173076923076923,4.514583333333333,0.5085035431748601,0.1981555492637555,0.40384615384615385,0.7354166666666667,30,1.8,638.0,0.047021943573667714,57.0,8.929824561403509,0.3281049735829718,0.08934169278996865,0.09854217770084364,2020,00-0029263,R.Wilson,2020_R.Wilson,93.0,90.0,86.0,98.0,26.0,87.0,71.0,5,4
12,2020_00-0029567,-0.02032172003652801,0.016204889475310284,0.0,0.0,0.028985507246376812,0.019230769230769232,25.11111111111111,3.7246963562753037,-0.08176479554629171,0.01832938976743936,0.38095238095238093,0.7206477732793523,13,-0.7692307692307693,330.0,0.03939393939393939,3.0,3.6666666666666665,0.2398277378330628,0.00909090909090909,-0.10452820032418265,2020,00-0029567,N.Foles,2020_N.Foles,69.0,73.0,70.0,69.0,15.0,64.0,77.0,2,1
13,2020_00-0029604,0.47305838599789785,0.06764263577921686,0.0,0.0,0.018461538461538463,0.03723404255319149,23.742268041237114,4.326923076923077,0.7786785714907829,0.21857925370481648,0.5463917525773195,0.7115384615384616,16,1.125,558.0,0.02867383512544803,17.0,8.117647058823529,0.5941959658281549,0.03046594982078853,0.16877212118946633,2020,00-0029604,K.Cousins,2020_K.Cousins,70.0,83.0,77.0,89.0,10.0,71.0,75.0,5,0
14,2020_00-0029701,0.5521214577011724,-0.15622960822453538,0.0,0.0,0.011235955056179775,0.026490066225165563,24.87323943661972,5.610091743119266,0.8628340265278095,0.2562003491198121,0.5070422535211268,0.6811926605504587,26,4.769230769230769,534.0,0.04868913857677903,21.0,7.238095238095238,0.6901185860624537,0.03932584269662921,0.23555316594733705,2020,00-0029701,R.Tannehill,2020_R.Tannehill,83.0,87.0,82.0,90.0,15.0,82.0,76.0,5,0
15,2020_00-0031237,0.2827427763699141,-0.1150699369704422,0.0,0.0,0.014124293785310734,0.04411764705882353,24.761363636363637,3.3034825870646767,0.5330143708729751,0.09337354917947172,0.48863636363636365,0.7388059701492538,16,0.4375,523.0,0.030592734225621414,37.0,7.351351351351352,0.6577516282006733,0.07074569789674952,0.06327243157694144,2020,00-0031237,T.Bridgewater,2020_T.Bridgewater,86.0,86.0,82.0,81.0,15.0,82.0,74.0,5,0
16,2020_00-0031280,0.3476892130661963,0.023671048872288526,0.0,0.0,0.01098901098901099,0.03355704697986577,27.288888888888888,4.08274231678487,0.8850797136578432,0.11921675084837005,0.4666666666666667,0.723404255319149,16,1.0,540.0,0.02962962962962963,23.0,5.391304347826087,0.45957536028404516,0.04259259259259259,0.1137947785388147,2020,00-0031280,D.Carr,2020_D.Carr,81.0,86.0,80.0,82.0,17.0,82.0,74.0,5,0
17,2020_00-0032950,0.1046863198449294,-0.24231682590088813,0.0,0.0,0.033783783783783786,0.03571428571428571,26.564705882352943,4.592592592592593,0.22332970737225266,-0.06245079794491939,0.3411764705882353,0.6324786324786325,32,2.84375,492.0,0.06504065040650407,22.0,8.409090909090908,0.7099249819955069,0.044715447154471545,-0.16783255866030197,2020,00-0032950,C.Wentz,2020_C.Wentz,81.0,87.0,81.0,76.0,21.0,83.0,77.0,9,1
18,2020_00-0033077,0.4550413077115185,-0.054834799137699876,0.0,0.0,0.006896551724137931,0.039473684210526314,24.923076923076923,4.220994475138122,0.9687468009459607,0.1448444252968247,0.5128205128205128,0.7237569060773481,11,2.8181818181818183,233.0,0.04721030042918455,8.0,8.0,0.40719394742346865,0.034334763948497854,0.13635940376846745,2020,00-0033077,D.Prescott,2020_D.Prescott,84.0,86.0,83.0,95.0,21.0,85.0,74.0,5,0
19,2020_00-0033106,0.2798554679710382,-0.13378612932639744,0.0,0.0,0.019230769230769232,0.027777777777777776,24.25925925925926,3.8135922330097087,0.16498531922612755,0.15334866124249324,0.4074074074074074,0.7126213592233009,32,-0.03125,627.0,0.051036682615629984,24.0,4.583333333333333,-0.10017992076366984,0.03827751196172249,0.04171931161047751,2020,00-0033106,J.Goff,2020_J.Goff,74.0,86.0,78.0,90.0,21.0,72.0,76.0,3,2
20,2020_00-0033319,0.35602514934505247,-0.19160371392234743,0.0,0.0,0.02403846153846154,0.059322033898305086,21.162790697674417,4.03886925795053,1.016795644208366,0.027285442120050046,0.6511627906976745,0.6466431095406361,7,-0.2857142857142857,347.0,0.020172910662824207,2.0,5.0,0.06817790475906804,0.005763688760806916,0.009003945282128206,2020,00-0033319,N.Mullens,2020_N.Mullens,74.0,85.0,76.0,77.0,15.0,74.0,72.0,3,3
21,2020_00-0033537,0.4919075808571603,0.12094123567106763,0.0,0.0,0.007633587786259542,0.026845637583892617,23.71153846153846,5.424657534246576,0.8457031561732025,0.2817050117576256,0.5480769230769231,0.7420091324200914,28,1.75,595.0,0.047058823529411764,62.0,6.370967741935484,0.4293916255602756,0.10420168067226891,0.2202839780790344,2020,00-0033537,D.Watson,2020_D.Watson,89.0,88.0,84.0,94.0,19.0,89.0,74.0,5,0
22,2020_00-0033869,0.2515376769377732,-0.024859474354298423,0.0,0.0,0.027237354085603113,0.014492753623188406,23.583333333333332,4.466165413533835,-0.03725742194715327,0.24498242315560267,0.3333333333333333,0.7443609022556391,16,1.8125,346.0,0.046242774566473986,20.0,8.8,0.4262456090087653,0.057803468208092484,0.07565257697137616,2020,00-0033869,M.Trubisky,2020_M.Trubisky,87.0,87.0,84.0,80.0,18.0,84.0,74.0,2,2
23,2020_00-0033873,0.4498153318089191,0.10380112491127438,0.0,0.0,0.00998003992015968,0.01485148514851485,25.95614035087719,4.634974533106961,0.5197095608966377,0.3176204049679613,0.42105263157894735,0.7096774193548387,30,1.1,732.0,0.040983606557377046,45.0,7.533333333333333,0.6331678288571974,0.06147540983606557,0.2795223029161523,2020,00-0033873,P.Mahomes,2020_P.Mahomes,88.0,87.0,81.0,96.0,22.0,88.0,74.0,5,0
24,2020_00-0034796,0.2544610109625612,0.14713590245192942,0.0,0.0,0.029411764705882353,0.017543859649122806,25.209876543209877,4.696165191740413,0.5368343625609813,0.15089964267440764,0.4444444444444444,0.6991150442477876,131,5.717557251908397,458.0,0.28602620087336245,53.0,8.037735849056604,0.5893929630383109,0.11572052401746726,0.10184603220678999,2020,00-0034796,L.Jackson,2020_L.Jackson,95.0,96.0,96.0,92.0,10.0,95.0,74.0,0,4
25,2020_00-0034855,0.4268228286768255,-0.20701738308749199,0.0,0.0,0.007058823529411765,0.047244094488188976,23.137254901960784,4.875555555555556,0.5442701871617585,0.22131763432231108,0.49019607843137253,0.6644444444444444,35,0.5428571428571428,580.0,0.0603448275862069,27.0,5.925925925925926,0.3999469578303736,0.04655172413793104,0.18157154358510014,2020,00-0034855,B.Mayfield,2020_B.Mayfield,84.0,86.0,82.0,83.0,15.0,80.0,73.0,5,0
26,2020_00-0034857,0.3650899213087029,0.26400603610440204,0.0,0.0,0.01293103448275862,0.021929824561403508,26.632,4.603174603174603,0.5055397879499745,0.2934790585984039,0.464,0.7319223985890653,89,2.707865168539326,728.0,0.12225274725274725,38.0,8.552631578947368,0.6600696727922967,0.0521978021978022,0.23231973502766345,2020,00-0034857,J.Allen,2020_J.Allen,85.0,87.0,85.0,84.0,15.0,82.0,77.0,5,4
27,2020_00-0034869,0.06812516764633406,-0.25602419439343693,0.0,0.0,0.025974025974025976,0.038461538461538464,22.328767123287673,4.045138888888889,-0.17223943822751536,-0.017266501924427136,0.3013698630136986,0.6770833333333334,11,0.7272727272727273,398.0,0.02763819095477387,26.0,8.038461538461538,0.4676651213801681,0.06532663316582915,-0.19543702768269383,2020,00-0034869,S.Darnold,2020_S.Darnold,81.0,83.0,78.0,86.0,20.0,81.0,75.0,4,1
28,2020_00-0035228,0.307785190628846,-0.3315477221511654,0.0,0.0,0.01627906976744186,0.041666666666666664,27.096774193548388,4.0153172866520785,0.30783190167294305,0.139898333603239,0.3870967741935484,0.7417943107221007,84,4.738095238095238,579.0,0.14507772020725387,50.0,8.42,0.6464681811961906,0.08635578583765112,0.05494728498869327,2020,00-0035228,K.Murray,2020_K.Murray,90.0,92.0,91.0,89.0,17.0,93.0,70.0,0,4
29,2020_00-0035232,0.13737717657197931,-0.2789369009935956,0.0,0.0,0.02185792349726776,0.05172413793103448,23.2,3.950980392156863,-0.44579106879457575,0.12495359789336495,0.2,0.6911764705882353,14,-0.8571428571428571,262.0,0.05343511450381679,7.0,8.285714285714286,0.5231168672159713,0.026717557251908396,-0.15465324501223682,2020,00-0035232,D.Haskins,2020_D.Haskins,74.88650885601794,81.0439831765136,75.41402431665063,84.74127350561344,16.42113049375493,70.70450251665795,75.0,4,1
30,2020_00-0035289,0.37696414625782326,-0.07490490150609806,0.0,0.0,0.01818181818181818,0.009433962264150943,24.98148148148148,4.444852941176471,0.3398312003085202,0.2082401022074068,0.42592592592592593,0.7095588235294118,5,-1.0,357.0,0.014005602240896359,24.0,6.583333333333333,0.4649829966130137,0.06722689075630252,0.05033877688800012,2020,00-0035289,G.Minshew,2020_G.Minshew,79.6463476203416,83.37249345020192,80.49556034962939,83.52208592226543,21.067384745796062,81.85306497119711,73.0,5,0
31,2020_00-0035704,0.23283611047642658,-0.4846393165941449,0.0,0.0,0.022222222222222223,0.06349206349206349,25.231578947368423,4.372832369942197,0.02758651201388477,0.02791359036963313,0.3368421052631579,0.6416184971098265,23,1.3043478260869565,464.0,0.04956896551724138,21.0,6.190476190476191,0.24925810733249396,0.04525862068965517,-0.07604389068107362,2020,00-0035704,D.Lock,2020_D.Lock,80.0,86.0,83.0,77.0,15.0,81.0,76.0,4,1
32,2020_00-0035710,0.26106377223400784,-0.0798386874591439,0.0,0.0,0.01824817518248175,0.029069767441860465,24.606060606060606,4.66578947368421,0.8132443913212228,0.010855498741959714,0.5606060606060606,0.6394736842105263,43,5.790697674418604,494.0,0.08704453441295547,22.0,7.909090909090909,0.48885443252087996,0.044534412955465584,-0.04879056821957421,2020,00-0035710,D.Jones,2020_D.Jones,83.0,87.0,84.0,84.0,19.0,77.0,77.0,0,0
33,2020_00-0036212,0.1358258248113265,-0.08876898347389592,0.0,0.0,0.014218009478672985,0.02631578947368421,25.325581395348838,4.450819672131147,0.16298447341732894,0.06108390956651085,0.3953488372093023,0.6926229508196722,20,0.8,310.0,0.06451612903225806,16.0,5.8125,0.5537984263683029,0.05161290322580645,-0.0482696638445112,2020,00-0036212,T.Tagovailoa,2020_T.Tagovailoa,79.0,85.0,81.0,82.0,18.0,78.0,72.0,4,2
34,2020_00-0036355,0.27383800448162693,0.1801368426302711,0.0,0.0,0.010498687664041995,0.02857142857142857,26.38,3.523421588594705,0.5852670076700042,0.17033465558626557,0.45,0.714867617107943,31,3.064516129032258,626.0,0.04952076677316294,25.0,5.56,0.3962304724589922,0.039936102236421724,0.14430678094413965,2020,00-0036355,J.Herbert,2020_J.Herbert,80.0,87.0,82.0,86.0,16.0,72.0,78.0,5,2
35,2020_00-0036442,0.4100846439586599,-0.0937036298123628,0.0,0.0,0.010526315789473684,0.017241379310344827,23.716216216216218,5.134969325153374,0.11660943388348856,0.3002894310948946,0.3108108108108108,0.7392638036809815,21,2.8095238095238093,433.0,0.04849884526558892,16.0,5.1875,-0.2215062182242643,0.03695150115473441,0.11403048091183485,2020,00-0036442,J.Burrow,2020_J.Burrow,82.0,86.0,83.0,88.0,27.0,80.0,75.0,3,0
36,2021_00-0019596,0.29149182136646895,0.04062886142978513,0.0,0.0,0.013975155279503106,0.024390243902439025,24.70860927152318,4.062404870624048,0.5998427878893086,0.15800244332299102,0.46357615894039733,0.7214611872146118,19,0.2631578947368421,838.0,0.022673031026252982,10.0,7.6,0.43275342314468357,0.011933174224343675,0.1661716199534183,2021,00-0019596,T.Brady,2021_T.Brady,70.0,66.0,59.0,99.0,20.0,65.0,76.0,5,0
37,2021_00-0022924,0.06928086220085636,-0.031782773818767526,0.0,0.0,0.010080645161290322,0.033112582781456956,25.132653061224488,3.5081967213114753,0.0049916221135854035,0.05295979934036341,0.3163265306122449,0.7067395264116576,19,-0.7368421052631579,692.0,0.02745664739884393,3.0,6.0,1.614408945160297,0.004335260115606936,-0.07021958347645073,2021,00-0022924,B.Roethlisberger,2021_B.Roethlisberger,67.0,77.0,71.0,83.0,19.0,62.0,77.0,2,1
38,2021_00-0023459,0.4824767633423052,-0.2596816865802344,0.0,0.0,0.002277904328018223,0.02564102564102564,27.8659793814433,3.4880174291938997,0.5499516727148022,0.2790397157386684,0.41237113402061853,0.7538126361655774,16,-0.625,592.0,0.02702702702702703,17.0,6.529411764705882,0.7114797274938182,0.028716216216216218,0.21390495112932156,2021,00-0023459,A.Rodgers,2021_A.Rodgers,81.0,84.0,79.0,97.0,25.0,79.0,74.0,5,0
39,2021_00-0026143,0.2636710162697759,-0.08615193524411022,0.0,0.0,0.016260162601626018,0.031578947368421054,24.658227848101266,4.28125,0.416227937632742,0.10009110465454113,0.4050632911392405,0.7145833333333333,24,0.20833333333333334,601.0,0.03993344425956739,17.0,4.647058823529412,-0.20988420701435054,0.028286189683860232,0.010754901421788962,2021,00-0026143,M.Ryan,2021_M.Ryan,67.0,79.0,70.0,72.0,15.0,67.0,77.0,3,2
40,2021_00-0026498,0.3900124495933419,0.11125574739779219,0.0,0.0,0.01818181818181818,0.05263157894736842,26.01388888888889,4.278523489932886,0.6477561960931632,0.23887340108138097,0.4583333333333333,0.7315436241610739,36,-0.2222222222222222,780.0,0.046153846153846156,14.0,6.642857142857143,0.464713027318223,0.017948717948717947,0.21301374922976304,2021,00-0026498,M.Stafford,2021_M.Stafford,73.0,77.0,76.0,93.0,17.0,68.0,74.0,5,0
41,2021_00-0027973,0.1178507452803544,-0.272079551899593,0.0,0.0,0.03296703296703297,0.05660377358490566,21.783783783783782,4.222222222222222,-0.17972059715640903,0.06908222972289502,0.3783783783783784,0.6818181818181818,4,-1.5,256.0,0.015625,12.0,6.833333333333333,0.20474222069606185,0.046875,-0.11790882974502725,2021,00-0027973,A.Dalton,2021_A.Dalton,73.0,80.0,74.0,82.0,10.0,73.0,74.0,4,1
42,2021_00-0029263,0.256262924990557,0.03313886385529609,0.0,0.0,0.01048951048951049,0.02631578947368421,28.020408163265305,4.003311258278146,0.5064547487081307,0.09084921077286834,0.3979591836734694,0.7284768211920529,20,0.8,435.0,0.04597701149425287,23.0,7.260869565217392,0.385175734673278,0.052873563218390804,0.038188577869583615,2021,00-0029263,R.Wilson,2021_R.Wilson,92.0,91.0,85.0,98.0,26.0,89.0,71.0,5,2
43,2021_00-0029604,0.3653272835327057,-0.014233133799349566,0.0,0.0,0.011049723756906077,0.015463917525773196,25.81132075471698,4.082222222222223,0.6263624305966026,0.14020629119672384,0.4716981132075472,0.7155555555555555,14,-0.6428571428571429,587.0,0.02385008517887564,15.0,8.266666666666667,0.2139809318856957,0.02555366269165247,0.1166973335735135,2021,00-0029604,K.Cousins,2021_K.Cousins,69.0,82.0,76.0,88.0,10.0,70.0,75.0,5,0
44,2021_00-0029701,0.2839833737378635,0.004021485567553848,0.0,0.0,0.024128686327077747,0.04419889502762431,25.63855421686747,4.43099787685775,0.2603040614625028,0.18056995794174652,0.3855421686746988,0.721868365180467,37,2.2162162162162162,603.0,0.06135986733001658,21.0,9.523809523809524,1.0640020904885161,0.03482587064676617,0.03502133037205238,2021,00-0029701,R.Tannehill,2021_R.Tannehill,83.0,87.0,84.0,90.0,15.0,81.0,76.0,5,2
45,2021_00-0031237,0.27152286554761185,0.19263098782165564,0.0,0.0,0.01818181818181818,0.013245033112582781,26.625,4.257062146892656,0.269682662531151,0.23824552396728918,0.3611111111111111,0.731638418079096,15,0.4666666666666667,460.0,0.03260869565217391,15.0,6.6,0.3131669639451051,0.03260869565217391,0.1241621120722171,2021,00-0031237,T.Bridgewater,2021_T.Bridgewater,85.0,86.0,82.0,81.0,15.0,81.0,74.0,5,2
46,2021_00-0031280,0.2966446564395902,-0.10239165803352723,0.0,0.0,0.012448132780082987,0.04639175257731959,26.055555555555557,4.0218181818181815,0.5508871086868092,0.09764903100152778,0.4603174603174603,0.7254545454545455,23,0.043478260869565216,722.0,0.03185595567867036,18.0,7.055555555555555,0.406851492230767,0.024930747922437674,0.05153146954747182,2021,00-0031280,D.Carr,2021_D.Carr,80.0,86.0,80.0,85.0,17.0,82.0,74.0,5,0
47,2021_00-0031345,0.4174872775569644,-0.03849319058598329,0.0,0.0,0.013513513513513514,0.07092198581560284,23.055555555555557,4.722095671981776,0.3092435612129051,0.28878636996839185,0.4722222222222222,0.7061503416856492,32,0.90625,546.0,0.05860805860805861,8.0,3.375,-0.2632805058289035,0.014652014652014652,0.1681442101302957,2021,00-0031345,J.Garoppolo,2021_J.Garoppolo,76.0,80.0,72.0,87.0,22.0,75.0,74.0,3,0
48,2021_00-0031800,0.1807284120497976,-0.15425146818947033,0.0,0.0,0.025936599423631124,0.041666666666666664,24.535353535353536,3.443877551020408,0.09418231895117761,0.0795318826169119,0.37373737373737376,0.7244897959183674,22,1.7272727272727273,532.0,0.041353383458646614,40.0,6.925,0.3071299015792667,0.07518796992481203,-0.05505527477345789,2021,00-0031800,T.Heinicke,2021_T.Heinicke,75.3915140135096,79.7679254072309,77.86093568243075,79.10416677617715,20.789987387877616,75.07067633434451,73.0,4,2
49,2021_00-0032156,0.023431389845858415,0.1926265427976115,0.0,0.0,0.022727272727272728,0.0,22.15,3.0136054421768708,0.39711475222634435,-0.003131535665226518,0.425,0.6190476190476191,6,-0.3333333333333333,201.0,0.029850746268656716,3.0,7.333333333333333,0.3207965762897705,0.014925373134328358,-0.052200525812111896,2021,00-0032156,T.Siemian,2021_T.Siemian,73.02981623795836,83.12613362965726,78.28342042332861,79.59088955083462,20.591790941076397,75.06264989381043,75.0,2,1
50,2021_00-0032950,0.21607709235682515,0.08353515904003012,0.0,0.0,0.017045454545454544,0.006097560975609756,26.813953488372093,3.7930232558139534,0.4254663089036094,0.12364837215455116,0.43023255813953487,0.6627906976744186,32,0.9375,552.0,0.057971014492753624,26.0,7.115384615384615,0.2549614497670868,0.04710144927536232,0.023657119565302986,2021,00-0032950,C.Wentz,2021_C.Wentz,81.0,86.0,80.0,80.0,21.0,82.0,77.0,5,2
51,2021_00-0033077,0.338089137341346,0.02712629497956371,0.0,0.0,0.015555555555555555,0.02127659574468085,24.794392523364486,4.421845574387947,0.4749101505869087,0.20042272909032854,0.4485981308411215,0.7250470809792844,30,1.2333333333333334,678.0,0.04424778761061947,23.0,6.0,0.21025829578625393,0.03392330383480826,0.1418197633484857,2021,00-0033077,D.Prescott,2021_D.Prescott,84.0,86.0,82.0,95.0,21.0,84.0,74.0,5,0
52,2021_00-0033106,0.16574774853422772,-0.05858710595927168,0.0,0.0,0.008695652173913044,0.034722222222222224,23.514285714285716,3.5894988066825775,0.18879547287480655,0.08479891857980185,0.3142857142857143,0.7398568019093079,6,3.3333333333333335,529.0,0.011342155009451797,11.0,6.090909090909091,0.07818882202793082,0.020793950850661626,-0.04569406107596723,2021,00-0033106,J.Goff,2021_J.Goff,74.0,85.0,77.0,90.0,21.0,72.0,76.0,4,2
53,2021_00-0033119,0.11170023020213082,0.006067089737631448,0.0,0.0,0.007575757575757576,0.03260869565217391,26.757575757575758,4.293193717277487,0.34638315873488673,0.02027203353032512,0.42424242424242425,0.6649214659685864,6,0.8333333333333334,244.0,0.02459016393442623,13.0,5.0,0.37638126909643266,0.05327868852459016,-0.09540202697853303,2021,00-0033119,J.Brissett,2021_J.Brissett,82.0,83.0,80.0,91.0,21.0,73.0,76.0,4,2
54,2021_00-0033873,0.36275561824868024,0.11495550300736056,0.0,0.0,0.022222222222222223,0.015384615384615385,26.016129032258064,3.500763358778626,0.6366995587707087,0.24367619386206207,0.3951612903225806,0.7267175572519083,21,-0.8571428571428571,818.0,0.02567237163814181,59.0,8.779661016949152,0.6636303424351696,0.07212713936430318,0.21123369752140397,2021,00-0033873,P.Mahomes,2021_P.Mahomes,88.0,87.0,81.0,96.0,22.0,87.0,74.0,5,0
55,2021_00-0034796,0.2258626436181358,0.09690989830431998,0.0,0.0,0.03461538461538462,0.03389830508474576,27.52054794520548,5.0,0.3863441822386273,0.13756239356460745,0.3972602739726027,0.7114754098360656,85,4.458823529411765,421.0,0.20190023752969122,49.0,7.918367346938775,0.30023947893810154,0.1163895486935867,0.045845154949063244,2021,00-0034796,L.Jackson,2021_L.Jackson,95.0,96.0,96.0,92.0,10.0,95.0,74.0,0,4
56,2021_00-0034855,0.18467367546946195,0.15562367983569642,0.0,0.0,0.03529411764705882,0.013157894736842105,24.634408602150536,4.235294117647059,0.3607416690707997,0.12714388267351587,0.41935483870967744,0.6625386996904025,12,0.25,462.0,0.025974025974025976,25.0,5.24,0.2808260929083915,0.05411255411255411,-0.010696314534296139,2021,00-0034855,B.Mayfield,2021_B.Mayfield,84.0,87.0,83.0,83.0,15.0,80.0,73.0,2,2
57,2021_00-0034857,0.3168609188999953,-0.004454856516061889,0.0,0.0,0.015810276679841896,0.034653465346534656,25.515384615384615,4.335640138408304,0.6820735412378565,0.12242592315957054,0.46923076923076923,0.6851211072664359,91,4.5054945054945055,740.0,0.12297297297297298,50.0,9.86,1.0222560658332862,0.06756756756756757,0.16373133883165805,2021,00-0034857,J.Allen,2021_J.Allen,85.0,88.0,86.0,91.0,15.0,82.0,77.0,0,4
58,2021_00-0034869,0.0808655212827766,-0.27621896650382616,0.0,0.0,0.022556390977443608,0.05,24.78787878787879,3.8230088495575223,-0.19446850024099213,-0.018949152350627402,0.2727272727272727,0.6607669616519174,25,1.4,442.0,0.05656108597285068,23.0,8.130434782608695,0.5674197031568251,0.05203619909502263,-0.17356013511080878,2021,00-0034869,S.Darnold,2021_S.Darnold,81.0,83.0,78.0,86.0,20.0,81.0,75.0,4,1
59,2021_00-0035228,0.2348446760111463,0.05465054494076201,0.0,0.0,0.020618556701030927,0.031496062992125984,25.504761904761907,3.473170731707317,0.6372879574118744,0.07596370236964575,0.44761904761904764,0.7439024390243902,60,3.45,550.0,0.10909090909090909,30.0,7.4,0.604036297801004,0.05454545454545454,0.07720863166123089,2021,00-0035228,K.Murray,2021_K.Murray,93.0,94.0,91.0,89.0,17.0,93.0,70.0,0,4
60,2021_00-0035710,0.1535663342938831,-0.036593337939131096,0.0,0.0,0.02040816326530612,0.017391304347826087,24.612244897959183,4.610932475884244,0.6384937085960103,0.006846708417353023,0.4897959183673469,0.6688102893890675,41,3.731707317073171,383.0,0.10704960835509138,23.0,6.478260869565218,0.10085948950634342,0.06005221932114883,-0.02899199096491042,2021,00-0035710,D.Jones,2021_D.Jones,83.0,89.0,88.0,82.0,19.0,77.0,77.0,9,2
61,2021_00-0035993,0.11300235423616718,-0.19698429928041575,0.0,0.0,0.02857142857142857,0.0,25.533333333333335,4.135483870967742,-0.06774745008830602,0.057990062116734686,0.3,0.7290322580645161,22,4.136363636363637,205.0,0.1073170731707317,25.0,8.12,0.5792101722920779,0.12195121951219512,-0.1477462231129581,2021,00-0035993,T.Huntley,2021_T.Huntley,78.4639003689569,84.08053702180064,80.60811787263572,78.67960713675271,18.880698166227845,77.985799914876,73.0,6,1
62,2021_00-0036212,0.2651137106478985,-0.1827979468855501,0.0,0.0,0.010380622837370242,0.07142857142857142,23.30188679245283,4.491017964071856,0.158542729222286,0.15060149381340596,0.41509433962264153,0.7215568862275449,24,0.125,409.0,0.05867970660146699,18.0,6.944444444444445,0.331931064969265,0.044009779951100246,0.05168957527453875,2021,00-0036212,T.Tagovailoa,2021_T.Tagovailoa,79.0,86.0,82.0,82.0,18.0,78.0,72.0,4,2
63,2021_00-0036355,0.28631642291013526,0.16234023378211868,0.0,0.0,0.026,0.011695906432748537,25.254545454545454,4.064171122994653,0.8082317174860947,0.14619055705586365,0.4909090909090909,0.6934046345811051,27,0.8518518518518519,709.0,0.0380818053596615,36.0,7.75,0.600156536192223,0.05077574047954866,0.17085254390586196,2021,00-0036355,J.Herbert,2021_J.Herbert,80.0,87.0,84.0,87.0,16.0,72.0,78.0,5,0
64,2021_00-0036389,0.1829791002393047,0.020516980922223402,0.0,0.0,0.01929260450160772,0.030864197530864196,26.455357142857142,3.8337950138504153,0.3974042295214228,0.043548413787879776,0.4107142857142857,0.6703601108033241,96,4.177083333333333,505.0,0.1900990099009901,51.0,8.27450980392157,0.5928560655621012,0.100990099009901,0.028159447875744457,2021,00-0036389,J.Hurts,2021_J.Hurts,88.0,89.0,87.0,87.0,20.0,88.0,73.0,0,4
65,2021_00-0036442,0.38051142818746214,0.21585911304309643,0.0,0.0,0.020703933747412008,0.03409090909090909,26.53211009174312,4.025454545454545,0.8465902949066362,0.23545433011873798,0.4954128440366973,0.7436363636363637,26,0.23076923076923078,732.0,0.03551912568306011,25.0,5.72,0.8392431010480504,0.03415300546448088,0.13748207034504734,2021,00-0036442,J.Burrow,2021_J.Burrow,82.0,86.0,83.0,88.0,27.0,80.0,75.0,5,0
66,2021_00-0036898,0.15398573578248986,-0.3412348344063213,0.0,0.0,0.02413793103448276,0.029411764705882353,24.50769230769231,3.9021406727828745,0.45245293416038085,-0.05981507783775981,0.47692307692307695,0.709480122324159,9,0.4444444444444444,424.0,0.02122641509433962,10.0,4.2,-0.5281678386540015,0.02358490566037736,-0.10419847766630407,2021,00-0036898,D.Mills,2021_D.Mills,78.0,82.0,78.0,77.0,15.0,75.0,75.0,8,2
67,2021_00-0036945,0.10969285362336924,-0.11114401248056582,0.0,0.0,0.02702702702702703,0.060240963855421686,26.928571428571427,5.363207547169812,0.514703532442648,-0.08375081571864122,0.48214285714285715,0.6226415094339622,27,1.962962962962963,304.0,0.08881578947368421,45.0,8.155555555555555,0.48302324233809485,0.14802631578947367,-0.21283791431468432,2021,00-0036945,J.Fields,2021_J.Fields,90.0,90.0,90.0,83.0,18.0,88.0,74.0,9,3
68,2021_00-0036971,0.07948378265672734,-0.14516252445896588,0.0,0.0,0.02158273381294964,0.04395604395604396,24.102803738317757,4.388211382113822,0.007482543313125473,0.01204171906873795,0.34579439252336447,0.6544715447154471,41,2.4390243902439024,636.0,0.06446540880503145,32.0,7.3125,0.3279293915348295,0.050314465408805034,-0.09320469703444399,2021,00-0036971,T.Lawrence,2021_T.Lawrence,86.0,88.0,84.0,88.0,18.0,83.0,77.0,4,1
69,2021_00-0036972,0.23415694845946144,0.13557526641287668,0.0,0.0,0.02696078431372549,0.026845637583892617,25.29032258064516,4.415948275862069,0.27657801544699345,0.19399783239312177,0.3763440860215054,0.7349137931034483,29,0.7931034482758621,590.0,0.04915254237288136,17.0,7.294117647058823,0.49367635602992577,0.0288135593220339,0.09510462431936074,2021,00-0036972,M.Jones,2021_M.Jones,81.0,84.0,79.0,85.0,16.0,76.0,74.0,5,2
70,2021_00-0037013,0.052601402305357085,-0.25283706340023104,0.0,0.0,0.0299625468164794,0.02608695652173913,26.03448275862069,4.243827160493828,0.0017551318265634172,-0.04670828864641022,0.39655172413793105,0.5864197530864198,14,0.35714285714285715,429.0,0.03263403263403263,16.0,11.375,0.5966670350408094,0.037296037296037296,-0.22267598823198745,2021,00-0037013,Z.Wilson,2021_Z.Wilson,84.0,88.0,83.0,81.0,17.0,80.0,74.0,9,1
71,2022_00-0019596,0.2596999130573989,-0.36180874152806036,0.0,0.0,0.004754358161648178,0.04242424242424243,25.387931034482758,3.5911764705882354,0.3435340336777624,0.09459155129480636,0.41379310344827586,0.7014705882352941,25,-0.2,828.0,0.030193236714975844,4.0,1.0,-1.3307625212305663,0.004830917874396135,0.06948711206271217,2022,00-0019596,T.Brady,2022_T.Brady,70.0,70.0,71.0,99.0,20.0,65.0,76.0,3,3
72,2022_00-0023459,0.1592532154409016,-0.09134548040960752,0.0,0.0,0.018475750577367205,0.037383177570093455,26.831858407079647,3.0327868852459017,0.25946195586934284,0.06993788025491014,0.3805309734513274,0.7189695550351288,21,-0.38095238095238093,575.0,0.036521739130434785,13.0,7.846153846153846,1.1244854866571796,0.022608695652173914,-0.009389351764061412,2022,00-0023459,A.Rodgers,2022_A.Rodgers,81.0,76.0,80.0,97.0,25.0,79.0,74.0,2,2
73,2022_00-0026143,0.21116427775834182,-0.1424076587103562,0.0,0.0,0.022082018927444796,0.04195804195804196,23.842105263157894,4.421800947867299,0.6089873494845618,0.0555290558611376,0.5,0.6872037914691943,17,-0.5882352941176471,502.0,0.03386454183266932,10.0,8.0,0.22833558303709173,0.0199203187250996,-0.05629743546428462,2022,00-0026143,M.Ryan,2022_M.Ryan,66.0,68.0,69.0,86.0,15.0,65.0,77.0,4,2
74,2022_00-0026158,0.0927074973097111,-0.13451796509651034,0.0,0.0,0.02564102564102564,0.0,23.61764705882353,4.67515923566879,-0.011516543466986502,0.008178409210012573,0.3235294117647059,0.6305732484076433,2,-0.5,201.0,0.009950248756218905,1.0,7.0,1.4296409524977207,0.004975124378109453,-0.12617763757736528,2022,00-0026158,J.Flacco,2022_J.Flacco,65.0,71.0,70.0,75.0,15.0,64.0,78.0,2,1
75,2022_00-0026498,0.14878067444354792,0.015679558215575838,0.0,0.0,0.024752475247524754,0.0297029702970297,27.19047619047619,3.3908045977011496,0.12762095327378206,0.10067912482709192,0.38095238095238093,0.7279693486590039,8,-0.75,332.0,0.024096385542168676,5.0,3.0,0.25878470978932455,0.015060240963855422,-0.07240164703464383,2022,00-0026498,M.Stafford,2022_M.Stafford,72.0,65.0,75.0,93.0,17.0,66.0,74.0,8,2
76,2022_00-0027973,0.15503708929680624,0.24383079104477792,0.0,0.0,0.027586206896551724,0.011363636363636364,23.734375,4.656050955414012,0.06778986896562485,0.19770482131915376,0.375,0.7261146496815286,19,0.05263157894736842,404.0,0.04702970297029703,11.0,4.818181818181818,0.03832109307693427,0.027227722772277228,0.04713761643581665,2022,00-0027973,A.Dalton,2022_A.Dalton,73.0,67.0,73.0,82.0,10.0,71.0,74.0,2,2
77,2022_00-0029263,0.0937964536788795,0.04515162387048532,0.0,0.0,0.019662921348314606,0.031746031746031744,26.689655172413794,3.191256830601093,0.5124583576380708,-0.05564078516025673,0.43103448275862066,0.6612021857923497,27,2.185185185185185,538.0,0.05018587360594796,28.0,7.785714285714286,0.5102724579193363,0.05204460966542751,-0.10568986847785419,2022,00-0029263,R.Wilson,2022_R.Wilson,91.0,90.0,85.0,98.0,26.0,89.0,71.0,4,2
78,2022_00-0029604,0.2819194970504867,-0.019175038087322124,0.0,0.0,0.016355140186915886,0.027888446215139442,23.981308411214954,4.410839160839161,0.46559924071858133,0.11543617381259136,0.4766355140186916,0.7062937062937062,20,-0.55,729.0,0.027434842249657063,12.0,9.083333333333334,0.715121476741236,0.01646090534979424,0.0446512446818076,2022,00-0029604,K.Cousins,2022_K.Cousins,69.0,74.0,75.0,88.0,10.0,69.0,75.0,5,0
79,2022_00-0029701,0.2504166362403611,0.20795629467049861,0.0,0.0,0.02403846153846154,0.008620689655172414,25.8,4.532846715328467,0.4370835217804519,0.19837742492974578,0.48,0.6861313868613139,21,0.23809523809523808,358.0,0.05865921787709497,13.0,7.153846153846154,0.7126977894491014,0.036312849162011177,0.057475583992701536,2022,00-0029701,R.Tannehill,2022_R.Tannehill,83.0,88.0,86.0,90.0,15.0,81.0,76.0,5,2
80,2022_00-0030565,0.27529220714995567,0.00960421210102456,0.0,0.0,0.01647058823529412,0.027624309392265192,23.877551020408163,4.5305719921104535,0.6187217325871585,0.1181264212050636,0.5204081632653061,0.7357001972386588,36,1.6388888888888888,658.0,0.0547112462006079,36.0,9.305555555555555,0.7248239292235625,0.0547112462006079,0.044741614883543744,2022,00-0030565,G.Smith,2022_G.Smith,79.0,74.0,80.0,76.0,18.0,73.0,74.0,5,0
81,2022_00-0031280,0.13581682455534175,0.15668309760848032,0.0,0.0,0.02735562310030395,0.028901734104046242,25.814814814814813,4.604060913705584,0.5493472821437303,0.03162539262297375,0.4074074074074074,0.6624365482233503,10,0.6,532.0,0.018796992481203006,14.0,6.857142857142857,0.2806210864759383,0.02631578947368421,0.04972666136587175,2022,00-0031280,D.Carr,2022_D.Carr,79.0,85.0,82.0,85.0,17.0,81.0,74.0,2,2
82,2022_00-0031345,0.4129795346348699,0.170558869310284,0.0,0.0,0.008733624454148471,0.02531645569620253,25.288888888888888,3.7490494296577945,0.20834022130778324,0.3751754910572145,0.35555555555555557,0.7262357414448669,20,1.1,326.0,0.06134969325153374,3.0,3.6666666666666665,-0.06292785191908479,0.009202453987730062,0.23161478687696652,2022,00-0031345,J.Garoppolo,2022_J.Garoppolo,75.0,71.0,72.0,87.0,22.0,73.0,74.0,3,0
83,2022_00-0031800,0.3334784579891091,-0.25134678876014893,0.0,0.0,0.011904761904761904,0.0449438202247191,25.132075471698112,3.9901960784313726,0.5098560145463175,0.03251052927236395,0.49056603773584906,0.6617647058823529,15,1.3333333333333333,276.0,0.05434782608695652,13.0,5.846153846153846,0.058992426965582684,0.04710144927536232,-0.04532468534331664,2022,00-0031800,T.Heinicke,2022_T.Heinicke,82.0,87.0,84.0,68.0,23.0,82.0,73.0,4,2
84,2022_00-0032268,0.2780309545569025,-0.036084314405022265,0.0,0.0,0.024509803921568627,0.043478260869565216,27.3,5.230088495575221,0.1296196757817958,0.19612911725495735,0.35714285714285715,0.7035398230088495,58,4.103448275862069,326.0,0.17791411042944785,27.0,7.407407407407407,0.2777561114247267,0.08282208588957055,0.023677073757005097,2022,00-0032268,M.Mariota,2022_M.Mariota,87.0,90.0,88.0,70.0,30.0,86.0,76.0,0,4
85,2022_00-0032950,0.05012949435588695,-0.007217424571153237,0.0,0.0,0.04060913705583756,0.012658227848101266,28.16,3.269911504424779,0.33160949352351893,-0.03219088862472266,0.38,0.6769911504424779,10,0.5,309.0,0.032362459546925564,12.0,6.75,0.40524622828525025,0.038834951456310676,-0.12919628524190283,2022,00-0032950,C.Wentz,2022_C.Wentz,80.0,83.0,80.0,80.0,21.0,80.0,77.0,2,1
86,2022_00-0033077,0.340194973445082,-0.12213368469787243,0.0,0.0,0.027607361963190184,0.057971014492753624,27.115942028985508,4.868354430379747,0.5602831302912549,0.1402267768726424,0.4492753623188406,0.7037974683544304,36,3.3055555555555554,486.0,0.07407407407407407,20.0,5.45,0.08309081960178447,0.0411522633744856,0.12275281595593776,2022,00-0033077,D.Prescott,2022_D.Prescott,83.0,82.0,82.0,95.0,21.0,83.0,74.0,5,2
87,2022_00-0033106,0.36185524093360855,0.027006067848902304,0.0,0.0,0.007371007371007371,0.0223463687150838,24.333333333333332,3.909274193548387,0.5182394741465912,0.21263632365269963,0.4888888888888889,0.6814516129032258,15,-0.26666666666666666,610.0,0.02459016393442623,15.0,5.266666666666667,0.08554957445400456,0.02459016393442623,0.16756655150689634,2022,00-0033106,J.Goff,2022_J.Goff,74.0,82.0,76.0,90.0,21.0,71.0,76.0,3,0
88,2022_00-0033119,0.2547922298445804,0.022679013107865454,0.0,0.0,0.00390625,0.045454545454545456,25.76,4.426116838487973,0.28286045165996426,0.15981776085079197,0.4,0.7079037800687286,26,1.6923076923076923,391.0,0.06649616368286446,23.0,8.652173913043478,0.7636231687856312,0.058823529411764705,0.04824863155762301,2022,00-0033119,J.Brissett,2022_J.Brissett,79.0,75.0,79.0,91.0,21.0,72.0,76.0,5,2
89,2022_00-0033873,0.4570016680950926,0.1047570408613263,0.0,0.0,0.011009174311926606,0.029556650246305417,25.185185185185187,4.0828125,0.7303185027412066,0.29915185954785056,0.48148148148148145,0.7109375,20,0.45,780.0,0.02564102564102564,54.0,7.611111111111111,0.7516750268408602,0.06923076923076923,0.28539509002633345,2022,00-0033873,P.Mahomes,2022_P.Mahomes,88.0,87.0,84.0,96.0,22.0,87.0,74.0,5,0
90,2022_00-0034796,0.2743452137975621,-0.2518771672060132,0.0,0.0,0.012448132780082987,0.047619047619047616,26.96551724137931,4.473684210526316,0.22722101461572627,0.14050172315136567,0.3793103448275862,0.6804511278195489,86,6.5,352.0,0.24431818181818182,26.0,7.884615384615385,0.5428046754364354,0.07386363636363637,0.029966934093564324,2022,00-0034796,L.Jackson,2022_L.Jackson,95.0,96.0,96.0,92.0,10.0,96.0,74.0,0,4
91,2022_00-0034855,0.07591653350658813,-0.07576799385657149,0.0,0.0,0.02040816326530612,0.033707865168539325,23.189655172413794,3.3731884057971016,0.432650119608293,-0.047961984352904954,0.41379310344827586,0.6413043478260869,16,0.4375,371.0,0.0431266846361186,15.0,5.466666666666667,0.2174429337931138,0.04043126684636118,-0.13812889442854065,2022,00-0034855,B.Mayfield,2022_B.Mayfield,79.31906020571805,85.63795000839804,80.56105681793724,87.52037928728532,17.592383893950228,80.88136314033875,73.0,4,1
92,2022_00-0034857,0.24309400709072038,0.2540847357486752,0.0,0.0,0.028446389496717725,0.021052631578947368,25.435897435897434,4.584521384928717,0.5242418904171514,0.15802103080984092,0.46153846153846156,0.6822810590631364,80,3.4625,689.0,0.11611030478955008,57.0,9.350877192982455,0.9203916486550157,0.08272859216255443,0.12810529114860095,2022,00-0034857,J.Allen,2022_J.Allen,85.0,92.0,89.0,94.0,15.0,82.0,77.0,0,4
93,2022_00-0035228,0.2100387975836633,-0.4990436250696859,0.0,0.0,0.006535947712418301,0.06172839506172839,25.0,3.404320987654321,-0.386762080107659,0.14881280702697203,0.2857142857142857,0.7438271604938271,43,4.953488372093023,418.0,0.10287081339712918,25.0,8.28,0.6029060901969205,0.05980861244019139,-0.04067701405986686,2022,00-0035228,K.Murray,2022_K.Murray,93.0,95.0,92.0,89.0,17.0,92.0,70.0,4,1
94,2022_00-0035710,0.24992558412165936,0.03738531362097513,0.0,0.0,0.011764705882352941,0.010582010582010581,23.26984126984127,4.25107296137339,0.41906624486957994,0.14085697306640543,0.4126984126984127,0.7081545064377682,80,4.15,584.0,0.136986301369863,63.0,7.587301587301587,0.5631555762832018,0.10787671232876712,0.03529477789664309,2022,00-0035710,D.Jones,2022_D.Jones,83.0,89.0,88.0,82.0,19.0,77.0,77.0,0,4
95,2022_00-0036212,0.3760238401133409,0.23266534635170874,0.0,0.0,0.01597444089456869,0.03488372093023256,24.232558139534884,5.587859424920127,0.8717390345557224,0.2004317085301296,0.5465116279069767,0.6773162939297125,14,-0.42857142857142855,421.0,0.0332541567695962,10.0,7.6,0.37512033578823323,0.023752969121140142,0.2280946260164027,2022,00-0036212,T.Tagovailoa,2022_T.Tagovailoa,79.0,85.0,82.0,82.0,18.0,80.0,72.0,5,0
96,2022_00-0036355,0.24507265497928687,-0.07010114616766454,0.0,0.0,0.012145748987854251,0.016260162601626018,24.495049504950494,3.5508607198748043,0.42940124755093084,0.09460326071968428,0.40594059405940597,0.7214397496087637,34,0.08823529411764706,782.0,0.043478260869565216,23.0,6.782608695652174,0.6059605925845023,0.029411764705882353,0.04124230159758865,2022,00-0036355,J.Herbert,2022_J.Herbert,80.0,87.0,84.0,90.0,16.0,72.0,78.0,5,0
97,2022_00-0036389,0.4245359624474075,-0.09564877165374866,0.0,0.0,0.007462686567164179,0.020689655172413793,27.683673469387756,4.015590200445434,0.6588268155962123,0.2054105948455133,0.41836734693877553,0.7193763919821826,156,3.608974358974359,590.0,0.26440677966101694,47.0,7.361702127659575,0.6873576303460542,0.07966101694915254,0.15151987662396268,2022,00-0036389,J.Hurts,2022_J.Hurts,90.0,90.0,87.0,87.0,20.0,90.0,73.0,0,4
98,2022_00-0036442,0.3051810710345163,0.13864666868154762,0.0,0.0,0.017889087656529516,0.025974025974025976,24.252525252525253,4.047231270358306,0.751004078776897,0.1915283418344302,0.48484848484848486,0.7133550488599348,55,1.2,770.0,0.07142857142857142,35.0,7.457142857142857,0.60908087033978,0.045454545454545456,0.13588484989571156,2022,00-0036442,J.Burrow,2022_J.Burrow,82.0,86.0,83.0,92.0,27.0,80.0,75.0,5,0
99,2022_00-0036898,0.009442074175686148,-0.08329658135218601,0.0,0.0,0.026755852842809364,0.03910614525139665,23.153061224489797,3.8552631578947367,0.22076761262630618,-0.08874245768655036,0.42857142857142855,0.6578947368421053,15,0.13333333333333333,511.0,0.029354207436399216,17.0,6.235294117647059,0.2319223353025026,0.033268101761252444,-0.14512789453131986,2022,00-0036898,D.Mills,2022_D.Mills,79.0,76.0,78.0,77.0,15.0,75.0,75.0,4,1
100,2022_00-0036945,0.14659696279767392,-0.08775842470788599,0.0,0.0,0.018957345971563982,0.06542056074766354,26.614285714285714,4.137096774193548,0.5984207555426305,-0.08204695637668848,0.44285714285714284,0.6491935483870968,94,5.329787234042553,377.0,0.2493368700265252,66.0,9.727272727272727,0.7892495550998987,0.17506631299734748,-0.17920225230840534,2022,00-0036945,J.Fields,2022_J.Fields,90.0,91.0,90.0,83.0,18.0,88.0,74.0,0,3
101,2022_00-0036971,0.3014371303483252,-0.011179834854353117,0.0,0.0,0.010683760683760684,0.04020100502512563,23.936363636363637,4.161579892280072,0.4127597831865843,0.16776339985004604,0.4,0.7091561938958707,40,1.925,704.0,0.056818181818181816,27.0,9.25925925925926,0.4773782666687123,0.03835227272727273,0.11065634882002223,2022,00-0036971,T.Lawrence,2022_T.Lawrence,86.0,88.0,84.0,88.0,18.0,83.0,77.0,5,0
102,2022_00-0036972,0.16581056697250307,-0.2586314094915283,0.0,0.0,0.008695652173913044,0.08421052631578947,25.802197802197803,3.183381088825215,0.17810137836455295,0.047070017973192144,0.4065934065934066,0.7191977077363897,27,-0.48148148148148145,478.0,0.056485355648535567,20.0,5.75,0.39816351048045384,0.04184100418410042,-0.062414941164005484,2022,00-0036972,M.Jones,2022_M.Jones,81.0,80.0,81.0,86.0,16.0,76.0,74.0,4,2
103,2022_00-0037013,0.19105450380980865,-0.3639346796668309,0.0,0.0,0.018518518518518517,0.05,25.918367346938776,4.761658031088083,0.05683152843426585,-0.004915490411588041,0.3469387755102041,0.5958549222797928,15,0.3333333333333333,265.0,0.05660377358490566,13.0,7.461538461538462,0.5654997556507654,0.04905660377358491,-0.13664549038437793,2022,00-0037013,Z.Wilson,2022_Z.Wilson,84.0,88.0,83.0,81.0,17.0,80.0,74.0,4,1
104,2022_00-0037834,0.4770070281329532,0.10697297327306696,0.0,0.0,0.018072289156626505,0.014925373134328358,22.53488372093023,4.121052631578947,0.353673513167815,0.37443365691131403,0.3953488372093023,0.7263157894736842,20,-0.45,249.0,0.08032128514056225,9.0,5.111111111111111,0.08785580454942786,0.03614457831325301,0.23250358325690143,2022,00-0037834,B.Purdy,2022_B.Purdy,81.0,86.0,78.0,78.0,14.0,77.0,73.0,3,0
105,2022_00-0038102,0.06426971240032736,0.13469253598059472,0.0,0.0,0.02181818181818182,0.02654867256637168,23.964285714285715,4.864457831325301,0.20417832540520717,0.06463988329278804,0.39285714285714285,0.6716867469879518,27,1.4444444444444444,417.0,0.06474820143884892,28.0,7.071428571428571,0.28016064691265846,0.0671462829736211,-0.020893022720154263,2022,00-0038102,K.Pickett,2022_K.Pickett,80.0,87.0,81.0,88.0,19.0,78.0,75.0,4,2
106,2023_00-0026158,0.08641070286418262,-0.6735873363828028,0.0,0.2222222222222222,0.023923444976076555,0.09259259259259259,25.452830188679247,4.441624365482234,0.08248471657783822,1.4511021547640903e-05,0.39622641509433965,0.6903553299492385,10,0.5,263.0,0.03802281368821293,2.0,5.0,0.47556678124237806,0.0076045627376425855,-0.0696345219241718,2023,00-0026158,J.Flacco,2023_J.Flacco,66.2355439374312,67.49166127157321,70.40893325501293,76.20043131572902,20.977977250677895,65.01812121730075,78.0,4,1
107,2023_00-0026498,0.3229444194492582,-0.42112957369785914,0.0,0.20253164556962025,0.018561484918793503,0.0189873417721519,22.920353982300885,4.031746031746032,0.6104790120372489,0.12638873637590092,0.45132743362831856,0.6802721088435374,7,-1.1428571428571428,589.0,0.011884550084889643,14.0,5.214285714285714,0.48290528847012737,0.023769100169779286,0.1233456233249042,2023,00-0026498,M.Stafford,2023_M.Stafford,71.0,65.0,74.0,90.0,17.0,66.0,74.0,7,0
108,2023_00-0029263,0.16451950568491322,-0.32736958282107137,0.0,0.23195876288659795,0.020202020202020204,0.010309278350515464,28.6,2.1145251396648046,0.5297645196614176,0.07486425713546509,0.4,0.7346368715083799,44,1.7272727272727273,491.0,0.08961303462321792,36.0,7.361111111111111,0.36074634834848845,0.07331975560081466,-0.02983178386734954,2023,00-0029263,R.Wilson,2023_R.Wilson,90.0,89.0,85.0,98.0,26.0,87.0,71.0,6,4
109,2023_00-0029604,0.28818085758023937,-0.23569708342031426,0.0,0.1574074074074074,0.01834862385321101,0.009259259259259259,22.285714285714285,3.964426877470356,0.8189823164975678,0.11134281376283309,0.5535714285714286,0.7312252964426877,11,0.36363636363636365,326.0,0.03374233128834356,3.0,7.0,0.9201642470822359,0.009202453987730062,0.11462620227944247,2023,00-0029604,K.Cousins,2023_K.Cousins,69.0,73.0,75.0,88.0,10.0,68.0,75.0,7,0
110,2023_00-0029701,0.2547714387812714,-0.6908058004768408,0.0,0.3404255319148936,0.024096385542168676,0.031914893617021274,27.871794871794872,3.8624338624338623,-0.06765351066332348,0.14930281766990908,0.3076923076923077,0.7248677248677249,9,0.8888888888888888,260.0,0.03461538461538462,8.0,8.25,0.39338305886485614,0.03076923076923077,-0.08709110156589238,2023,00-0029701,R.Tannehill,2023_R.Tannehill,81.0,87.0,86.0,88.0,15.0,80.0,76.0,8,1
111,2023_00-0030565,0.3051991385904627,-0.43585204319808724,0.0,0.18023255813953487,0.019662921348314606,0.011627906976744186,24.0,3.952153110047847,0.6729072537370598,0.08253673367204012,0.4935064935064935,0.6818181818181818,17,-0.11764705882352941,528.0,0.032196969696969696,20.0,7.85,0.43194895120395815,0.03787878787878788,0.0637961020987381,2023,00-0030565,G.Smith,2023_G.Smith,79.0,80.0,84.0,93.0,18.0,73.0,74.0,7,0
112,2023_00-0031280,0.22308921020577646,-0.49233173215996007,0.0,0.21830985915492956,0.015945330296127564,0.007042253521126761,26.529411764705884,3.5291479820627805,0.5757020415037596,0.06119138267286749,0.4411764705882353,0.7399103139013453,23,-0.4782608695652174,581.0,0.039586919104991396,9.0,5.666666666666667,0.23290198931411046,0.01549053356282272,0.048235898990742765,2023,00-0031280,D.Carr,2023_D.Carr,79.0,84.0,82.0,85.0,17.0,81.0,74.0,8,0
113,2023_00-0033077,0.30752246304266456,-0.23965168536759893,0.0,0.24431818181818182,0.017341040462427744,0.011363636363636364,26.123809523809523,4.326605504587156,0.8687439656450157,0.18605321598680818,0.5238095238095238,0.726605504587156,30,1.8666666666666667,695.0,0.04316546762589928,33.0,7.0606060606060606,0.8999272837942099,0.04748201438848921,0.16895749884092878,2023,00-0033077,D.Prescott,2023_D.Prescott,83.0,83.0,84.0,95.0,21.0,82.0,74.0,7,0
114,2023_00-0033106,0.4127343834260301,-0.6440449609862673,0.0,0.19270833333333334,0.008896797153024912,0.036458333333333336,23.8265306122449,4.047231270358306,0.7389052372245085,0.17124668949221228,0.5408163265306123,0.7019543973941368,33,-0.42424242424242425,754.0,0.04376657824933687,8.0,4.75,-0.4068928846390918,0.010610079575596816,0.14363407291255384,2023,00-0033106,J.Goff,2023_J.Goff,74.0,82.0,76.0,90.0,21.0,71.0,76.0,3,0
115,2023_00-0033873,0.27966679015611057,-0.3439471028852617,0.0,0.15311004784688995,0.015873015873015872,0.028708133971291867,24.73949579831933,3.0432,0.28384463323159825,0.17344654596847395,0.4117647058823529,0.7296,35,0.05714285714285714,776.0,0.045103092783505154,63.0,8.380952380952381,0.7969761839989626,0.08118556701030928,0.11170892463336983,2023,00-0033873,P.Mahomes,2023_P.Mahomes,87.0,87.0,84.0,96.0,22.0,88.0,74.0,6,4
116,2023_00-0033949,0.02372759396682648,-0.6170229230874784,0.0,0.20833333333333334,0.026143790849673203,0.013888888888888888,23.73076923076923,4.333333333333333,0.22518615187088117,-0.07846488517026994,0.3974358974358974,0.6814159292035398,45,3.2,450.0,0.1,34.0,8.264705882352942,0.7586487518060226,0.07555555555555556,-0.18131257149055102,2023,00-0033949,J.Dobbs,2023_J.Dobbs,81.39279629645614,83.28551482019304,82.79537937783152,79.94688059532518,21.618060927350143,81.11659129082511,75.0,9,1
117,2023_00-0034796,0.32950053905967946,-0.4482631560994772,0.0,0.26993865030674846,0.017632241813602016,0.006134969325153374,27.0625,4.181384248210024,0.4735318078347457,0.22819491254351815,0.4270833333333333,0.720763723150358,91,4.868131868131868,560.0,0.1625,76.0,7.0,0.2583625276140121,0.1357142857142857,0.10311574921871058,2023,00-0034796,L.Jackson,2023_L.Jackson,95.0,96.0,96.0,92.0,10.0,95.0,74.0,6,4
118,2023_00-0034855,0.2766064938319347,-0.4619336871088214,0.0,0.27906976744186046,0.021032504780114723,0.005813953488372093,25.118518518518517,4.137795275590551,0.5759169447193941,0.1429072386156439,0.4444444444444444,0.6929133858267716,32,-0.28125,695.0,0.0460431654676259,34.0,5.970588235294118,0.3192346676387841,0.04892086330935252,0.09383108214587702,2023,00-0034855,B.Mayfield,2023_B.Mayfield,82.0,81.0,82.0,83.0,15.0,79.0,73.0,7,0
119,2023_00-0034857,0.315943925609579,-0.33923381265160585,0.0,0.15204678362573099,0.025793650793650792,0.029239766081871343,25.659259259259258,3.9021526418786694,0.2656507997503427,0.20595082767116504,0.362962962962963,0.7495107632093934,74,2.7027027027027026,675.0,0.10962962962962963,57.0,8.456140350877194,0.7826831456406335,0.08444444444444445,0.14996556525007887,2023,00-0034857,J.Allen,2023_J.Allen,85.0,92.0,88.0,94.0,15.0,82.0,77.0,6,4
120,2023_00-0035100,0.35982095368548916,-0.6145782256641127,0.0,0.32,0.025906735751295335,0.02666666666666667,23.45945945945946,3.3300970873786406,0.24272767117410596,0.23268098948723462,0.40540540540540543,0.7572815533980582,11,0.36363636363636365,268.0,0.041044776119402986,16.0,7.6875,0.6616564613395894,0.05970149253731343,0.08713461618093647,2023,00-0035100,J.Browning,2023_J.Browning,77.0,82.0,78.0,79.0,15.0,73.0,74.0,7,1
121,2023_00-0035228,0.1359370310701058,-0.7945293977025639,0.0,0.3,0.017467248908296942,0.016666666666666666,25.755555555555556,3.4954954954954953,-0.41017676703397843,0.1361454633899132,0.28888888888888886,0.7342342342342343,29,2.8620689655172415,289.0,0.10034602076124567,16.0,10.0625,0.7518974671364829,0.05536332179930796,-0.057239390128372356,2023,00-0035228,K.Murray,2023_K.Murray,90.0,94.0,92.0,89.0,17.0,90.0,70.0,6,1
122,2023_00-0035289,0.17957503376563622,-0.5283183183192843,0.0026041666666666665,0.23076923076923078,0.015625,0.02097902097902098,24.883116883116884,4.026634382566586,0.322341045728823,0.09010198835084829,0.4155844155844156,0.6610169491525424,13,-1.0,527.0,0.024667931688804556,21.0,5.380952380952381,0.28570344623377814,0.03984819734345351,-0.012509879608450384,2023,00-0035289,G.Minshew,2023_G.Minshew,78.30627012769003,82.10259475539266,78.22275610812665,83.41372448747506,18.499201634850436,75.9164683624386,73.0,8,3
123,2023_00-0036212,0.34748303162300453,-0.5025696463214168,0.0,0.2366412213740458,0.026052104208416832,0.015267175572519083,23.878260869565217,3.788381742738589,0.8323867115947902,0.13646677782304678,0.5478260869565217,0.7157676348547718,19,-0.6842105263157895,630.0,0.03015873015873016,19.0,5.894736842105263,-0.09108573801227306,0.03015873015873016,0.1707260462091646,2023,00-0036212,T.Tagovailoa,2023_T.Tagovailoa,79.0,85.0,82.0,84.0,18.0,80.0,72.0,7,0
124,2023_00-0036264,0.3003876392275,-0.3056668094002401,0.0,0.20689655172413793,0.019230769230769232,0.020689655172413793,25.78787878787879,3.836,0.5045960587951329,0.17713838571985166,0.45454545454545453,0.698,32,1.34375,665.0,0.0481203007518797,25.0,8.24,0.023922139158239587,0.03759398496240601,0.16824042862445904,2023,00-0036264,J.Love,2023_J.Love,77.0,85.0,81.0,84.0,16.0,71.0,76.0,7,0
125,2023_00-0036355,0.3012368532762292,-0.5511678601726264,0.0,0.20863309352517986,0.002881844380403458,0.04316546762589928,24.651685393258425,3.5313351498637604,0.5716238551162806,0.07845486690710038,0.4157303370786517,0.7084468664850136,21,-0.5714285714285714,486.0,0.043209876543209874,31.0,7.741935483870968,0.5012817614077283,0.06378600823045268,0.05744208955320256,2023,00-0036355,J.Herbert,2023_J.Herbert,80.0,89.0,86.0,91.0,16.0,72.0,78.0,7,0
126,2023_00-0036389,0.298279382806678,-0.37322132553027954,0.0,0.21195652173913043,0.02097902097902098,0.03260869565217391,28.08,4.450317124735729,0.4218287580267529,0.14952609229396135,0.38,0.7167019027484144,110,2.5727272727272728,613.0,0.17944535073409462,49.0,6.673469387755102,0.37058076260700545,0.0799347471451876,0.09671962696002188,2023,00-0036389,J.Hurts,2023_J.Hurts,91.0,90.0,89.0,93.0,20.0,91.0,73.0,6,4
127,2023_00-0036442,0.19016730551246946,-0.5317074580447058,0.0,0.2553191489361702,0.01020408163265306,0.031914893617021274,24.583333333333332,3.704761904761905,-0.06349535977939147,0.17984357830979272,0.2916666666666667,0.7301587301587301,17,-0.17647058823529413,388.0,0.04381443298969072,14.0,6.5,0.1750926407652774,0.03608247422680412,0.015280120526968227,2023,00-0036442,J.Burrow,2023_J.Burrow,82.0,86.0,83.0,93.0,27.0,80.0,75.0,8,1
128,2023_00-0036945,0.20861488714895646,-0.5534233431425791,0.0,0.2682926829268293,0.023809523809523808,0.018292682926829267,26.283783783783782,3.4324324324324325,0.43188758638282054,0.039885843395077426,0.3918918918918919,0.668918918918919,81,3.6666666666666665,416.0,0.19471153846153846,43.0,8.372093023255815,0.6431953918511406,0.10336538461538461,-0.09180403056212966,2023,00-0036945,J.Fields,2023_J.Fields,93.0,95.0,93.0,89.0,18.0,92.0,74.0,6,4
129,2023_00-0036971,0.19075827607782894,-0.713967458903158,0.0,0.2755905511811024,0.021052631578947368,0.031496062992125984,24.563636363636363,4.209251101321586,0.49794239734262186,0.05492564123199988,0.43636363636363634,0.7092511013215859,29,0.3793103448275862,602.0,0.04817275747508306,41.0,8.0,0.373859552410351,0.0681063122923588,-0.0001057909364324119,2023,00-0036971,T.Lawrence,2023_T.Lawrence,87.0,89.0,87.0,90.0,18.0,83.0,77.0,6,1
130,2023_00-0036972,0.0014777782301511296,-0.5925590354288464,0.0,0.23655913978494625,0.03272727272727273,0.03225806451612903,26.26923076923077,3.5631399317406145,-0.3312455363355086,-0.006430830268080328,0.25,0.7201365187713311,15,0.7333333333333333,368.0,0.04076086956521739,12.0,7.083333333333333,0.28561523489527946,0.03260869565217391,-0.14864565565649768,2023,00-0036972,M.Jones,2023_M.Jones,81.0,80.0,80.0,86.0,16.0,76.0,74.0,1,1
131,2023_00-0037013,0.09374463475223875,-0.9166348290026378,0.0,0.33093525179856115,0.01824817518248175,0.014388489208633094,25.29310344827586,3.9250814332247557,0.23018156956050925,-0.07264912035356408,0.3793103448275862,0.6482084690553745,12,-0.08333333333333333,413.0,0.029055690072639227,25.0,8.56,-0.08205132168477483,0.06053268765133172,-0.24631043900545577,2023,00-0037013,Z.Wilson,2023_Z.Wilson,84.0,88.0,83.0,81.0,17.0,80.0,74.0,1,1
132,2023_00-0037077,0.08866369827031902,-0.6986335553501863,0.0,0.3125,0.014861995753715499,0.0673076923076923,24.696428571428573,3.644,0.324127153977286,-0.06621695231932827,0.36607142857142855,0.694,17,1.5294117647058822,679.0,0.025036818851251842,32.0,7.46875,0.7850189394428578,0.047128129602356406,-0.15251130725702286,2023,00-0037077,S.Howell,2023_S.Howell,78.0,87.0,82.0,91.0,13.0,78.0,73.0,1,1
133,2023_00-0037834,0.5097323904626774,-0.2687936634018849,0.0,0.1893491124260355,0.0170316301703163,0.029585798816568046,22.547826086956523,4.531177829099307,0.8864178572831523,0.2693931722901566,0.5739130434782609,0.7113163972286374,29,0.1724137931034483,580.0,0.05,24.0,8.875,0.7266666807295133,0.041379310344827586,0.2828860058021412,2023,00-0037834,B.Purdy,2023_B.Purdy,81.0,86.0,78.0,82.0,14.0,77.0,73.0,7,0
134,2023_00-0038102,0.13841051120492176,-0.6480386072764883,0.0,0.20353982300884957,0.008547008547008548,0.017699115044247787,24.254901960784313,3.863970588235294,0.4433935848030481,-0.07609445719458453,0.4117647058823529,0.6617647058823529,28,-0.6071428571428571,347.0,0.08069164265129683,14.0,5.071428571428571,0.26417000156444764,0.040345821325648415,-0.11769539769536456,2023,00-0038102,K.Pickett,2023_K.Pickett,80.0,87.0,81.0,87.0,19.0,78.0,75.0,8,1
135,2023_00-0038108,-0.15581012318946136,-0.7934864950770149,0.0,0.352112676056338,0.04242424242424243,0.028169014084507043,26.57894736842105,3.8959537572254335,0.3467886037634392,-0.2747691442690021,0.34210526315789475,0.6589595375722543,7,1.0,236.0,0.029661016949152543,10.0,7.6,0.597492277919082,0.0423728813559322,-0.3476534384607169,2023,00-0038108,B.Zappe,2023_B.Zappe,76.0,85.0,76.0,90.0,16.0,75.0,73.0,1,1
136,2023_00-0038122,0.05547053055441779,-0.47573729159231587,0.0,0.2980769230769231,0.03164556962025317,0.019230769230769232,25.304347826086957,4.533123028391167,0.44391624401180085,-0.024185663978954164,0.463768115942029,0.6845425867507886,34,1.8823529411764706,420.0,0.08095238095238096,19.0,6.7894736842105265,0.49539779829118696,0.04523809523809524,-0.07606664445334482,2023,00-0038122,D.Ridder,2023_D.Ridder,79.0,91.0,88.0,87.0,12.0,81.0,75.0,9,1
137,2023_00-0038476,0.14911270555889883,-0.9811854041648365,0.0,0.5138888888888888,0.02097902097902098,0.0,25.2,3.392156862745098,0.7031407731515356,-0.1022664442615202,0.48,0.6666666666666666,14,5.142857142857143,215.0,0.06511627906976744,22.0,5.590909090909091,-0.13278906668540252,0.10232558139534884,-0.22940573118579394,2023,00-0038476,T.DeVito,2023_T.DeVito,79.37600140333166,84.32071352394291,79.91823202017122,81.00005345470095,17.311938636504692,75.41173333860684,74.0,1,3
138,2023_00-0038579,0.1869144374083788,-0.8389669212744085,0.0,0.2857142857142857,0.0176678445229682,0.023809523809523808,27.392156862745097,4.0,0.21632899965990482,0.06486775861558104,0.37254901960784315,0.6666666666666666,17,0.6470588235294118,367.0,0.04632152588555858,0.0,0.0,0.0,0.0,-0.0478921950966733,2023,00-0038579,A.O'Connell,2023_A.O'Connell,73.0,79.0,75.0,78.0,13.0,75.0,75.0,8,1
139,2023_00-0039150,0.010118494425588353,-0.8616031595330654,0.0,0.32978723404255317,0.017456359102244388,0.015957446808510637,22.86868686868687,4.086651053864169,-0.05044364885045051,-0.058659318649811436,0.30303030303030304,0.667447306791569,9,-0.4444444444444444,589.0,0.015280135823429542,31.0,8.35483870967742,0.7661830461612197,0.05263157894736842,-0.2681220334933029,2023,00-0039150,B.Young,2023_B.Young,84.0,89.0,87.0,83.0,13.0,88.0,70.0,1,1
140,2023_00-0039152,0.2646550421400719,-0.6126957097146035,0.0,0.28,0.01098901098901099,0.02,26.753086419753085,3.0290697674418605,0.2918471361033394,0.032992621034643954,0.38271604938271603,0.686046511627907,16,0.0,282.0,0.05673758865248227,9.0,6.333333333333333,0.8400816217763349,0.031914893617021274,-0.04646224575165692,2023,00-0039152,W.Levis,2023_W.Levis,83.0,85.0,80.0,80.0,12.0,79.0,76.0,8,1
141,2023_00-0039163,0.4064737774555774,-0.5694723746998142,0.0,0.2222222222222222,0.009592326139088728,0.005847953216374269,24.339285714285715,5.022988505747127,0.8099258177979844,0.12952294899333597,0.5089285714285714,0.6827586206896552,20,0.6,588.0,0.034013605442176874,25.0,6.28,0.24019586108222538,0.04251700680272109,0.12265270259406048,2023,00-0039163,C.Stroud,2023_C.Stroud,80.0,87.0,82.0,79.0,14.0,75.0,75.0,7,0
142,2024_00-0023459,0.12770914164807096,-0.2721957325376616,0.0,0.23255813953488372,0.02197802197802198,0.005813953488372093,23.323529411764707,3.392116182572614,0.3498256526136809,0.08781584596846541,0.39215686274509803,0.6804979253112033,6,0.6666666666666666,627.0,0.009569377990430622,16.0,6.4375,0.3564879694144302,0.025518341307814992,0.01800636914416984,2024,00-0023459,A.Rodgers,2024_A.Rodgers,79.0,76.0,79.0,98.0,25.0,76.0,74.0,2,1
143,2024_00-0026158,0.31604456738021536,-0.8117843862958206,0.0,0.2465753424657534,0.010309278350515464,0.0684931506849315,24.82,4.91919191919192,0.21789316998549574,0.1420096498375864,0.38,0.7222222222222222,6,0.0,267.0,0.02247191011235955,3.0,8.666666666666666,0.3502940088316488,0.011235955056179775,0.007686838472535093,2024,00-0026158,J.Flacco,2024_J.Flacco,69.0,70.0,73.0,75.0,15.0,63.0,78.0,4,1
144,2024_00-0026498,0.3090092926276184,-0.44018403865651595,0.0,0.17326732673267325,0.011848341232227487,0.01485148514851485,23.672727272727272,3.9979035639413,0.6289985764951139,0.08428272405708072,0.5363636363636364,0.6834381551362684,30,0.06666666666666667,624.0,0.04807692307692308,4.0,10.75,1.0759486347960774,0.00641025641025641,0.06648196423115178,2024,00-0026498,M.Stafford,2024_M.Stafford,71.0,68.0,76.0,90.0,17.0,66.0,74.0,7,0
145,2024_00-0029263,0.2884689500011497,-0.5010381266814105,0.0,0.26618705035971224,0.007633587786259542,0.02158273381294964,28.075757575757574,3.5656565656565657,0.9382654444916187,0.01795854448274331,0.5,0.6767676767676768,24,0.3333333333333333,401.0,0.059850374064837904,22.0,6.954545454545454,0.2645491969570602,0.05486284289276808,0.014799414692232346,2024,00-0029263,R.Wilson,2024_R.Wilson,89.0,87.0,86.0,94.0,26.0,86.0,71.0,7,0
146,2024_00-0029604,0.24664081496685866,-0.5695677921373536,0.0,0.23728813559322035,0.030555555555555555,0.0423728813559322,21.949367088607595,4.4324324324324325,0.39072255921727894,0.1254125105437212,0.4936708860759494,0.7135135135135136,20,-0.8,478.0,0.04184100418410042,3.0,5.333333333333333,-0.015312346407430658,0.006276150627615063,0.045149987271676476,2024,00-0029604,K.Cousins,2024_K.Cousins,70.0,73.0,75.0,88.0,10.0,68.0,75.0,8,0
147,2024_00-0030565,0.30938164449663347,-0.6078443544417407,0.0,0.26595744680851063,0.011337868480725623,0.05319148936170213,23.419047619047618,3.267515923566879,0.5191292160753819,0.11527125419792779,0.47619047619047616,0.7579617834394905,29,0.5517241379310345,629.0,0.046104928457869634,24.0,10.666666666666666,0.7336881241196048,0.03815580286168521,0.035234605068311775,2024,00-0030565,G.Smith,2024_G.Smith,80.0,84.0,89.0,93.0,18.0,74.0,74.0,7,0
148,2024_00-0031280,0.23965353234991527,-0.009552709335498445,0.0,0.09090909090909091,0.0049504950495049506,0.045454545454545456,26.1,2.7945205479452055,0.5002445506191368,0.13159534984236965,0.4166666666666667,0.7488584474885844,9,2.3333333333333335,290.0,0.03103448275862069,8.0,6.25,-0.16643582252436318,0.027586206896551724,0.16403232797641037,2024,00-0031280,D.Carr,2024_D.Carr,78.0,84.0,83.0,85.0,17.0,80.0,74.0,3,2
149,2024_00-0031503,0.0827058653385938,-0.495458374767963,0.0,0.26666666666666666,0.03389830508474576,0.044444444444444446,24.375,5.334728033472803,0.2838153643106406,-0.010846691695827276,0.42857142857142855,0.6569037656903766,17,2.176470588235294,326.0,0.05214723926380368,8.0,5.75,0.9419210051710252,0.024539877300613498,-0.07691002916935132,2024,00-0031503,J.Winston,2024_J.Winston,76.0,73.0,77.0,87.0,19.0,74.0,76.0,9,1
150,2024_00-0033077,0.1682562862577382,-0.41983935107432324,0.0,0.20192307692307693,0.029556650246305417,0.019230769230769232,24.96078431372549,4.274678111587983,0.13273928751575523,0.08227550872148481,0.37254901960784315,0.7124463519313304,7,1.2857142857142858,307.0,0.02280130293159609,6.0,7.5,0.3649506795918569,0.019543973941368076,-0.03096829446712946,2024,00-0033077,D.Prescott,2024_D.Prescott,83.0,84.0,84.0,95.0,21.0,81.0,74.0,2,1
151,2024_00-0033106,0.5450821881566401,-0.4432084140910345,0.0,0.19760479041916168,0.020454545454545454,0.03592814371257485,23.263157894736842,3.200836820083682,0.7060792793850592,0.33117437772165825,0.5473684210526316,0.7552301255230126,21,-0.6190476190476191,607.0,0.03459637561779242,15.0,5.066666666666666,0.43869476166243354,0.02471169686985173,0.27318016084961927,2024,00-0033106,J.Goff,2024_J.Goff,74.0,81.0,78.0,90.0,21.0,71.0,76.0,7,0
152,2024_00-0033537,0.06470336383052332,-0.6825766069843081,0.0,0.3173076923076923,0.0136986301369863,0.009615384615384616,24.5,3.816666666666667,-0.33608754651666545,0.04892091530870838,0.25,0.7111111111111111,10,1.6,250.0,0.04,21.0,6.285714285714286,0.2653763113754253,0.084,-0.2461651040284466,2024,00-0033537,D.Watson,2024_D.Watson,89.0,88.0,85.0,95.0,19.0,85.0,74.0,1,1
153,2024_00-0033662,0.10454810843322251,-0.5701631221509994,0.0,0.15476190476190477,0.016877637130801686,0.011904761904761904,25.32608695652174,3.7241379310344827,0.1521345462077315,0.013849503334365881,0.30434782608695654,0.6628352490421456,22,0.2727272727272727,321.0,0.06853582554517133,4.0,3.0,-0.3148912286157497,0.012461059190031152,-0.07201183975704119,2024,00-0033662,C.Rush,2024_C.Rush,70.0,76.0,74.0,72.0,20.0,69.0,75.0,8,1
154,2024_00-0033873,0.2759411680037026,-0.23163028165857152,0.0,0.1910569105691057,0.017094017094017096,0.02032520325203252,26.894117647058824,3.438474870017331,0.21516657286619342,0.2203946717084261,0.35294117647058826,0.7227036395147314,30,-1.0,714.0,0.04201680672268908,50.0,8.38,0.8143002076585808,0.0700280112044818,0.10106360971670057,2024,00-0033873,P.Mahomes,2024_P.Mahomes,87.0,88.0,87.0,97.0,22.0,87.0,74.0,6,4
155,2024_00-0034771,0.14729025882160288,-0.3691940931613953,0.0,0.15714285714285714,0.04790419161676647,0.014285714285714285,23.91176470588235,4.282722513089006,0.43177228088076364,3.971890822208956e-05,0.4117647058823529,0.6910994764397905,12,1.0833333333333333,237.0,0.05063291139240506,13.0,7.153846153846154,0.763059754918616,0.05485232067510549,-0.005257862017257324,2024,00-0034771,M.Rudolph,2024_M.Rudolph,68.0,77.0,75.0,67.0,20.0,66.0,77.0,9,1
156,2024_00-0034796,0.5204768248393136,-0.06495993448568768,0.0,0.15853658536585366,0.013157894736842105,0.0,24.79646017699115,4.194513715710723,0.7386016012296529,0.3938445818740872,0.46017699115044247,0.743142144638404,108,5.027777777777778,544.0,0.19852941176470587,53.0,8.943396226415095,0.4855907570421607,0.0974264705882353,0.3439848606310411,2024,00-0034796,L.Jackson,2024_L.Jackson,95.0,95.0,95.0,92.0,10.0,96.0,74.0,0,4
157,2024_00-0034855,0.3120287967004693,-0.11608328845171965,0.0,0.25949367088607594,0.02748414376321353,0.0189873417721519,23.097826086956523,4.008080808080808,0.43535365453884867,0.3196271651641082,0.45652173913043476,0.7676767676767676,21,0.5714285714285714,631.0,0.03328050713153724,46.0,8.456521739130435,0.3988102082511433,0.07290015847860538,0.20483115889691011,2024,00-0034855,B.Mayfield,2024_B.Mayfield,82.0,83.0,84.0,83.0,15.0,78.0,73.0,7,0
158,2024_00-0034857,0.38122211721013033,-0.06638526365667233,0.0,0.11875,0.011737089201877934,0.00625,24.992424242424242,3.2337962962962963,0.6281014410720556,0.22692820124849844,0.4015151515151515,0.7222222222222222,82,2.5365853658536586,586.0,0.13993174061433447,49.0,8.73469387755102,0.750246660106204,0.08361774744027303,0.2590084978608327,2024,00-0034857,J.Allen,2024_J.Allen,85.0,92.0,88.0,96.0,15.0,82.0,77.0,0,4
159,2024_00-0034869,0.3122489497232759,-0.5356454407889257,0.0,0.2676056338028169,0.023255813953488372,0.014084507042253521,24.26984126984127,4.299126637554585,0.5390615747844943,0.1430761288303919,0.5,0.7052401746724891,42,-0.19047619047619047,643.0,0.06531881804043546,29.0,8.241379310344827,0.6374110890347278,0.04510108864696734,0.031375691279887256,2024,00-0034869,S.Darnold,2024_S.Darnold,80.0,82.0,81.0,86.0,20.0,77.0,75.0,7,0
160,2024_00-0035228,0.29878258425948145,-0.513757058595824,0.0,0.23255813953488372,0.011337868480725623,0.046511627906976744,22.125,3.5337837837837838,0.39832844671254825,0.1748209564735455,0.46875,0.7364864864864865,39,5.564102564102564,570.0,0.06842105263157895,41.0,8.707317073170731,0.5706473177154061,0.07192982456140351,0.11489203350801754,2024,00-0035228,K.Murray,2024_K.Murray,90.0,93.0,92.0,89.0,17.0,89.0,70.0,6,4
161,2024_00-0035289,0.20031580401682772,-0.8213250625370286,0.0,0.2636363636363636,0.026905829596412557,0.03636363636363636,22.951219512195124,3.4618320610687023,0.13418635738823312,0.02517644055641776,0.43902439024390244,0.7061068702290076,8,-0.25,333.0,0.024024024024024024,11.0,5.454545454545454,0.3945730807635383,0.03303303303303303,-0.13716316091087258,2024,00-0035289,G.Minshew,2024_G.Minshew,78.45986470901418,83.90137590369855,80.84688659556707,82.00645803214616,21.589896617777327,79.37815913192253,73.0,8,1
162,2024_00-0035710,0.1492323667128523,-0.5962493535309312,0.0,0.23577235772357724,0.020161290322580645,0.016260162601626018,27.391304347826086,4.292096219931271,0.4101759345000762,0.012740676928834373,0.3695652173913043,0.6838487972508591,53,3.490566037735849,371.0,0.14285714285714285,15.0,5.333333333333333,0.2434677765859912,0.04043126684636118,-0.09792195024128614,2024,00-0035710,D.Jones,2024_D.Jones,83.0,88.0,87.0,83.0,19.0,76.0,77.0,9,1
163,2024_00-0036212,0.3369788347905286,-0.25507460678283966,0.0,0.22105263157894736,0.015337423312883436,0.021052631578947368,22.037037037037038,3.151603498542274,0.49649547375995273,0.2880311275477155,0.46296296296296297,0.7755102040816326,10,-0.8,421.0,0.023752969121140142,7.0,8.142857142857142,1.2802936163581242,0.0166270783847981,0.2033800771908375,2024,00-0036212,T.Tagovailoa,2024_T.Tagovailoa,79.0,85.0,83.0,84.0,18.0,80.0,72.0,7,0
164,2024_00-0036264,0.2943935664423536,-0.3501932576876096,0.0,0.12307692307692308,0.025936599423631124,0.038461538461538464,26.798076923076923,3.522598870056497,0.5622859566637123,0.05319768856320622,0.4230769230769231,0.6892655367231638,14,-0.21428571428571427,477.0,0.029350104821802937,13.0,7.384615384615385,0.7391620992121689,0.027253668763102725,0.11872000850336993,2024,00-0036264,J.Love,2024_J.Love,77.0,86.0,84.0,84.0,16.0,71.0,76.0,7,2
165,2024_00-0036355,0.33551868289695225,-0.4327302369552048,0.0,0.23809523809523808,0.01020408163265306,0.015873015873015872,24.161290322580644,4.266503667481663,0.5153514535162254,0.12547437724716454,0.41935483870967744,0.7188264058679706,39,-0.1282051282051282,581.0,0.06712564543889846,31.0,10.03225806451613,0.38794929540089607,0.05335628227194492,0.08560638366793737,2024,00-0036355,J.Herbert,2024_J.Herbert,80.0,89.0,86.0,91.0,16.0,72.0,78.0,7,0
166,2024_00-0036389,0.46478398119108844,-0.6404209013857023,0.0,0.3355263157894737,0.008547008547008548,0.019736842105263157,24.355263157894736,4.216,0.5228442042484587,0.3220057618579679,0.42105263157894735,0.7493333333333333,138,2.6666666666666665,503.0,0.27435387673956263,49.0,9.306122448979592,0.8032541543948842,0.09741550695825049,0.13080556737066662,2024,00-0036389,J.Hurts,2024_J.Hurts,91.0,91.0,89.0,93.0,20.0,91.0,73.0,6,4
167,2024_00-0036442,0.35155857301912874,-0.2417639558569067,0.0,0.21818181818181817,0.012474012474012475,0.013636363636363636,24.764044943820224,4.288256227758007,0.7054215880574443,0.26925868227407457,0.48314606741573035,0.7419928825622776,20,-0.2,701.0,0.028530670470756064,22.0,9.318181818181818,0.8576475520226681,0.03138373751783167,0.1653517879225128,2024,00-0036442,J.Burrow,2024_J.Burrow,82.0,86.0,83.0,94.0,27.0,79.0,75.0,7,0
168,2024_00-0036971,0.21176464788269447,-0.5273683051237227,0.0,0.22784810126582278,0.030973451327433628,0.0,25.338461538461537,4.6422018348623855,0.4232841701510444,0.051559158604509714,0.46153846153846156,0.6513761467889908,13,1.0769230769230769,305.0,0.04262295081967213,13.0,8.076923076923077,0.4865122350702922,0.04262295081967213,0.02031709612037664,2024,00-0036971,T.Lawrence,2024_T.Lawrence,88.0,89.0,87.0,92.0,18.0,83.0,77.0,9,1
169,2024_00-0036972,0.1657695232189551,-0.6740299114003676,0.0,0.23728813559322035,0.022727272727272728,0.05084745762711865,25.454545454545453,3.706422018348624,-0.08885114644557496,0.1255170099913695,0.2727272727272727,0.7293577981651376,14,0.6428571428571429,279.0,0.05017921146953405,14.0,5.928571428571429,0.23310129835477644,0.05017921146953405,-0.011822471915596993,2024,00-0036972,M.Jones,2024_M.Jones,81.0,80.0,83.0,82.0,16.0,76.0,74.0,8,1
170,2024_00-0037834,0.3529081565526783,-0.2678722341729223,0.0,0.20945945945945946,0.020958083832335328,0.033783783783783786,22.651685393258425,5.232686980609419,0.6282685858885432,0.1971441344322157,0.5056179775280899,0.7063711911357341,22,1.0454545454545454,482.0,0.04564315352697095,44.0,6.818181818181818,0.42230840466577446,0.0912863070539419,0.16229509052075117,2024,00-0037834,B.Purdy,2024_B.Purdy,81.0,88.0,78.0,82.0,14.0,77.0,73.0,7,0
171,2024_00-0038579,0.12826788610025186,-0.28962158440088115,0.0,0.1388888888888889,0.02197802197802198,0.0,24.97826086956522,3.938775510204082,0.1980242491007571,0.06637853210108288,0.3695652173913043,0.6989795918367347,18,0.2222222222222222,254.0,0.07086614173228346,3.0,8.666666666666666,0.8571770983592918,0.011811023622047244,0.00981102832040314,2024,00-0038579,A.O'Connell,2024_A.O'Connell,73.0,79.0,75.0,78.0,13.0,75.0,75.0,2,1
172,2024_00-0039150,0.0935422053548806,-0.41506465859551617,0.0,0.2283464566929134,0.024390243902439025,0.015748031496062992,23.46987951807229,4.6843853820598005,0.19574274536472147,0.04985052558723143,0.3614457831325301,0.6777408637873754,6,-1.3333333333333333,414.0,0.014492753623188406,37.0,6.945945945945946,0.4870620341916455,0.0893719806763285,-0.06247970701637641,2024,00-0039150,B.Young,2024_B.Young,84.0,89.0,87.0,83.0,13.0,88.0,70.0,9,1
173,2024_00-0039152,0.023068254152558518,-0.604747229340962,0.0,0.3504273504273504,0.039647577092511016,0.02564102564102564,27.44776119402985,3.341880341880342,0.539422944766133,-0.15429992685205524,0.43283582089552236,0.688034188034188,25,1.76,344.0,0.07267441860465117,20.0,6.95,0.29954083361953965,0.05813953488372093,-0.19046201203564467,2024,00-0039152,W.Levis,2024_W.Levis,83.0,85.0,80.0,80.0,12.0,79.0,76.0,1,1
174,2024_00-0039163,0.224491648274905,-0.4100973067464068,0.0,0.25301204819277107,0.024630541871921183,0.012048192771084338,24.361344537815125,4.465116279069767,0.28538230843780915,0.1455603579600551,0.42016806722689076,0.6913319238900634,19,-1.105263157894737,655.0,0.02900763358778626,45.0,7.511111111111111,0.3090276656577504,0.06870229007633588,-0.01674903844312045,2024,00-0039163,C.Stroud,2024_C.Stroud,80.0,87.0,82.0,81.0,14.0,75.0,75.0,7,0
175,2024_00-0039164,0.09066703464965886,-0.6154749307929099,0.0,0.15384615384615385,0.043010752688172046,0.04395604395604396,27.373493975903614,5.318435754189944,0.07906720643703449,-0.10001948016001924,0.2891566265060241,0.5698324022346368,66,5.0,277.0,0.23826714801444043,21.0,8.761904761904763,0.43734056108990194,0.07581227436823104,-0.14131462186757493,2024,00-0039164,A.Richardson,2024_A.Richardson,88.0,92.0,91.0,77.0,17.0,87.0,76.0,9,3
176,2024_00-0039376,-0.059568438937963146,-0.7837829728958764,0.0,0.2619047619047619,0.024096385542168676,0.011904761904761904,24.369565217391305,3.9392265193370166,-0.1126699639507458,-0.11664979598850717,0.30434782608695654,0.6408839779005525,4,7.0,250.0,0.016,14.0,8.428571428571429,0.778798979174878,0.056,-0.302904522347822,2024,00-0039376,S.Rattler,2024_S.Rattler,77.0,85.0,76.0,84.0,15.0,78.0,72.0,1,1
177,2024_00-0039732,0.1916550924298651,-0.33963458878217895,0.0,0.15204678362573099,0.013513513513513514,0.03508771929824561,25.578512396694215,2.7430406852248392,0.37679832720861944,0.05513810288713955,0.4132231404958678,0.7259100642398287,43,1.6511627906976745,615.0,0.06991869918699187,53.0,7.584905660377358,0.4254573635073213,0.08617886178861789,0.04393064448310158,2024,00-0039732,B.Nix,2024_B.Nix,76.0,87.0,84.0,87.0,10.0,73.0,74.0,6,4
178,2024_00-0039851,0.13981476019927241,-0.49245729669902066,0.0,0.27419354838709675,0.032,0.016129032258064516,27.102040816326532,3.9756944444444446,-0.0019127883400758539,0.1602959904796216,0.2857142857142857,0.7326388888888888,9,1.5555555555555556,374.0,0.02406417112299465,45.0,9.044444444444444,0.7499914571849836,0.12032085561497326,-0.06981554743545576,2024,00-0039851,D.Maye,2024_D.Maye,82.0,88.0,86.0,87.0,17.0,78.0,76.0,6,1
179,2024_00-0039910,0.3167467572305189,-0.28553703726982055,0.0,0.2727272727272727,0.010845986984815618,0.026737967914438502,27.32183908045977,3.76039603960396,0.5913909076323386,0.22131701259718747,0.40229885057471265,0.7346534653465346,98,3.622448979591837,648.0,0.15123456790123457,86.0,7.825581395348837,0.6689257516368736,0.13271604938271606,0.14293955110156295,2024,00-0039910,J.Daniels,2024_J.Daniels,91.0,91.0,90.0,90.0,21.0,88.0,76.0,6,4
180,2024_00-0039918,0.2066366806868854,-0.6812264613653679,0.002304147465437788,0.3316831683168317,0.0069124423963133645,0.01485148514851485,24.64957264957265,3.63265306122449,0.00517382030384132,0.16425296455894217,0.2905982905982906,0.7188208616780045,31,3.161290322580645,636.0,0.04874213836477988,50.0,7.82,0.4536940421105066,0.07861635220125786,-0.07535758770077995,2024,00-0039918,C.Williams,2024_C.Williams,85.0,89.0,86.0,89.0,27.0,82.0,73.0,6,3
181,2025_00-0023459,0.22620639617179655,-0.7855854430259799,0.0,0.2619047619047619,0.0136986301369863,0.015873015873015872,25.5125,2.8040089086859687,0.2759816346806837,0.09134161646289583,0.3375,0.7060133630289532,9,-0.7777777777777778,564.0,0.015957446808510637,12.0,5.666666666666667,0.25534564010226574,0.02127659574468085,0.0001677937978252444,2025,00-0023459,A.Rodgers,2025_A.Rodgers,75.0,75.0,77.0,93.0,25.0,72.0,74.0,8,1
182,2025_00-0026158,0.20681932975942555,-0.789219901287555,0.0,0.13740458015267176,0.006644518272425249,0.061068702290076333,23.24,3.8724035608308607,0.24723666740578915,-0.05605205511334043,0.37333333333333335,0.6617210682492581,17,0.29411764705882354,432.0,0.03935185185185185,4.0,7.5,1.2402056309510954,0.009259259259259259,-0.09522034447009872,2025,00-0026158,J.Flacco,2025_J.Flacco,68.0,71.0,75.0,77.0,15.0,62.0,78.0,4,1
183,2025_00-0026498,0.40750278421412395,-0.3345896656546008,0.0,0.1676300578034682,0.014084507042253521,0.005780346820809248,24.358695652173914,4.34469696969697,0.6810193031074195,0.1970867188080136,0.45108695652173914,0.7026515151515151,25,-0.88,741.0,0.033738191632928474,9.0,4.222222222222222,-0.05770879835149066,0.012145748987854251,0.23424773181562278,2025,00-0026498,M.Stafford,2025_M.Stafford,71.0,70.0,78.0,91.0,17.0,66.0,74.0,3,0
184,2025_00-0029604,0.11839546531566363,-0.25121258248402395,0.0,0.1368421052631579,0.021505376344086023,0.010526315789473684,22.03921568627451,3.4651162790697674,0.002949409699392472,0.10576965539828082,0.3137254901960784,0.6976744186046512,12,-0.08333333333333333,281.0,0.042704626334519574,2.0,4.0,-0.056236381555208936,0.0071174377224199285,-0.0065609921255118855,2025,00-0029604,K.Cousins,2025_K.Cousins,69.0,68.0,69.0,89.0,10.0,67.0,75.0,8,1
185,2025_00-0030565,0.25574236102631687,-0.9774642801943451,0.0,0.3353658536585366,0.032448377581120944,0.036585365853658534,23.80597014925373,3.0817941952506596,0.09608718372797054,0.05689448689120494,0.3582089552238806,0.7335092348284961,23,0.0,503.0,0.04572564612326044,18.0,6.055555555555555,0.3362846188845449,0.03578528827037773,-0.14633694147902812,2025,00-0030565,G.Smith,2025_G.Smith,80.0,83.0,87.0,93.0,18.0,73.0,74.0,8,1
186,2025_00-0032268,0.2795773258380241,-0.7825172466570908,0.0,0.24242424242424243,0.016853932584269662,0.06060606060606061,24.616666666666667,4.951515151515151,0.18249609380679263,0.11102531778076363,0.4,0.696969696969697,32,4.1875,244.0,0.13114754098360656,18.0,9.055555555555555,0.4979126495733463,0.07377049180327869,-0.0077105503286873135,2025,00-0032268,M.Mariota,2025_M.Mariota,85.0,88.0,87.0,74.0,30.0,82.0,76.0,6,1
187,2025_00-0033077,0.3662481163531389,-0.2600893102130175,0.0,0.1631578947368421,0.011363636363636364,0.02631578947368421,25.35185185185185,4.2413087934560325,0.7308682324052022,0.16019589486023536,0.4722222222222222,0.721881390593047,27,0.037037037037037035,630.0,0.04285714285714286,26.0,6.769230769230769,0.33836893589531647,0.04126984126984127,0.17735270199191716,2025,00-0033077,D.Prescott,2025_D.Prescott,82.0,83.0,84.0,95.0,21.0,80.0,74.0,7,0
188,2025_00-0033106,0.45304929687974643,-0.4715071330588234,0.0,0.20540540540540542,0.009324009324009324,0.021621621621621623,22.353658536585368,3.8137651821862346,0.8214274746843107,0.2303240109046837,0.5609756097560976,0.7024291497975709,14,-0.21428571428571427,614.0,0.02280130293159609,5.0,9.6,0.44820438757715075,0.008143322475570033,0.17447773411323916,2025,00-0033106,J.Goff,2025_J.Goff,73.0,80.0,74.0,89.0,21.0,70.0,76.0,7,0
189,2025_00-0033119,0.2489240421564377,-0.5252389580311004,0.0,0.24571428571428572,0.01971830985915493,0.005714285714285714,24.024390243902438,4.296019900497512,0.43364659015376916,0.1198700928318969,0.45121951219512196,0.6915422885572139,16,1.1875,530.0,0.03018867924528302,22.0,6.7727272727272725,0.26031009835688484,0.04150943396226415,-0.006695816396051295,2025,00-0033119,J.Brissett,2025_J.Brissett,77.0,75.0,79.0,89.0,21.0,71.0,76.0,7,0
190,2025_00-0033873,0.2522762565021925,-0.15675649681472695,0.0,0.2073170731707317,0.021447721179624665,0.018292682926829267,27.396039603960396,3.2155388471177946,0.38436608079735013,0.16881424042187887,0.36633663366336633,0.6967418546365914,12,0.16666666666666666,537.0,0.0223463687150838,52.0,8.076923076923077,0.5924641119446068,0.09683426443202979,0.12735750129925993,2025,00-0033873,P.Mahomes,2025_P.Mahomes,86.0,87.0,85.0,98.0,22.0,86.0,74.0,6,4
191,2025_00-0034796,0.40002352802604857,-0.6708349535590618,0.0,0.3302752293577982,0.017467248908296942,0.027522935779816515,24.106060606060606,4.517094017094017,0.7899545550324113,0.13537900089237848,0.48484848484848486,0.6837606837606838,37,3.5135135135135136,338.0,0.10946745562130178,30.0,7.3,0.5169619523792531,0.08875739644970414,0.054687508816649105,2025,00-0034796,L.Jackson,2025_L.Jackson,94.0,95.0,96.0,93.0,10.0,95.0,74.0,6,4
192,2025_00-0034855,0.18133759955189263,-0.5053831581499744,0.0,0.23529411764705882,0.02088167053364269,0.013071895424836602,24.89189189189189,3.812064965197216,0.275952575312186,0.0758310375668911,0.36036036036036034,0.703016241299304,13,0.6923076923076923,584.0,0.02226027397260274,42.0,8.880952380952381,0.9660565419711995,0.07191780821917808,0.0014261681676707107,2025,00-0034855,B.Mayfield,2025_B.Mayfield,82.0,85.0,86.0,96.0,15.0,78.0,73.0,6,1
193,2025_00-0034857,0.36694729534465487,-0.4989320893423632,0.0,0.2972972972972973,0.016055045871559634,0.033783783783783786,24.466019417475728,3.432558139534884,0.48044201765366584,0.2602374953608744,0.42718446601941745,0.7627906976744186,80,2.475,584.0,0.136986301369863,55.0,8.727272727272727,0.5017819507024175,0.09417808219178082,0.14751210881438315,2025,00-0034857,J.Allen,2025_J.Allen,85.0,91.0,88.0,98.0,15.0,82.0,77.0,6,4
194,2025_00-0034869,0.39332363879836735,-0.4276866578918843,0.0,0.19760479041916168,0.018518518518518517,0.03592814371257485,24.34285714285714,4.357298474945534,0.6823879721834067,0.20168104730217162,0.5142857142857142,0.7080610021786492,24,-0.20833333333333334,599.0,0.04006677796327212,16.0,7.125,0.4940931026976614,0.02671118530884808,0.16442761284298846,2025,00-0034869,S.Darnold,2025_S.Darnold,80.0,82.0,81.0,86.0,20.0,77.0,75.0,7,0
195,2025_00-0035710,0.2903402056140658,-0.18377156634101666,0.0,0.19298245614035087,0.02711864406779661,0.0,25.014084507042252,4.173633440514469,0.7645299193436201,0.18151594447946626,0.5070422535211268,0.7234726688102894,23,0.6956521739130435,409.0,0.05623471882640587,22.0,6.7272727272727275,0.370503769689438,0.05378973105134474,0.1581916921595929,2025,00-0035710,D.Jones,2025_D.Jones,83.0,87.0,87.0,83.0,19.0,75.0,77.0,7,0
196,2025_00-0036212,0.28557991161365903,-0.6224977469788706,0.0,0.2608695652173913,0.03333333333333333,0.043478260869565216,25.490909090909092,3.7033639143730888,0.22898352624986068,0.1517202197154576,0.38181818181818183,0.7308868501529052,9,-0.1111111111111111,415.0,0.021686746987951807,11.0,4.0,-0.10217646453974454,0.02650602409638554,0.0339439339313918,2025,00-0036212,T.Tagovailoa,2025_T.Tagovailoa,78.0,84.0,83.0,84.0,18.0,79.0,72.0,8,1
197,2025_00-0036264,0.5511571318331546,-0.5533294783236173,0.0,0.16058394160583941,0.005390835579514825,0.029197080291970802,26.354545454545455,3.8529411764705883,0.536995707204836,0.27881818747717974,0.42727272727272725,0.7165775401069518,23,0.6956521739130435,508.0,0.045275590551181105,25.0,7.76,0.6787404952400234,0.04921259842519685,0.2532936168893008,2025,00-0036264,J.Love,2025_J.Love,77.0,86.0,84.0,89.0,16.0,71.0,76.0,7,0
198,2025_00-0036355,0.31555984666187664,-0.5212626817874941,0.0,0.26785714285714285,0.021108179419525065,0.022321428571428572,25.79310344827586,4.390350877192983,0.4663632941023965,0.1260603708475343,0.42528735632183906,0.706140350877193,38,1.7894736842105263,603.0,0.06301824212271974,56.0,8.732142857142858,0.5554869732417816,0.09286898839137644,0.004700399941048986,2025,00-0036355,J.Herbert,2025_J.Herbert,80.0,88.0,86.0,93.0,16.0,72.0,78.0,6,4
199,2025_00-0036389,0.31640650137996706,-0.6126319131611218,0.0,0.22916666666666666,0.007936507936507936,0.020833333333333332,26.396039603960396,4.453367875647668,0.46511959442029005,0.09842295584757291,0.37623762376237624,0.7150259067357513,69,2.4057971014492754,522.0,0.13218390804597702,41.0,6.560975609756097,0.4562007359984308,0.07854406130268199,0.060120042196218505,2025,00-0036389,J.Hurts,2025_J.Hurts,90.0,91.0,89.0,96.0,20.0,90.0,73.0,6,4
200,2025_00-0036442,0.3143150376572317,-0.29740167470647133,0.0,0.20481927710843373,0.015384615384615385,0.024096385542168676,26.37142857142857,4.21875,0.5174926525430887,0.20335145551339193,0.37142857142857144,0.7142857142857143,6,2.5,278.0,0.02158273381294964,8.0,3.25,-0.4115626020611671,0.02877697841726619,0.13168019187957936,2025,00-0036442,J.Burrow,2025_J.Burrow,83.0,86.0,84.0,97.0,27.0,79.0,75.0,3,2
201,2025_00-0036945,0.1775415047235567,-0.6112143013633181,0.0,0.3375,0.006535947712418301,0.0,22.633333333333333,4.069767441860465,0.19228164563500644,0.06831601410592135,0.36666666666666664,0.6802325581395349,45,3.2222222222222223,233.0,0.19313304721030042,28.0,8.642857142857142,0.3443889904200898,0.12017167381974249,-0.09327593942644322,2025,00-0036945,J.Fields,2025_J.Fields,93.0,96.0,92.0,89.0,18.0,92.0,74.0,6,1
202,2025_00-0036971,0.2568656049573559,-0.4759773486575085,0.0,0.25,0.023758099352051837,0.017857142857142856,23.732824427480917,4.515350877192983,0.3692559028903918,0.1242308154983207,0.40458015267175573,0.6710526315789473,43,1.2093023255813953,631.0,0.06814580031695722,45.0,7.511111111111111,0.4085852776300164,0.07131537242472266,0.06175052380474542,2025,00-0036971,T.Lawrence,2025_T.Lawrence,88.0,88.0,88.0,92.0,18.0,83.0,77.0,6,4
203,2025_00-0036972,0.3495554552441069,-0.6114155736848222,0.0,0.23529411764705882,0.025,0.0,22.479166666666668,4.475206611570248,0.48367495531710797,0.20283999866123972,0.4583333333333333,0.7479338842975206,28,0.17857142857142858,308.0,0.09090909090909091,9.0,6.888888888888889,0.3910588941588584,0.02922077922077922,0.13739302028577188,2025,00-0036972,M.Jones,2025_M.Jones,81.0,81.0,84.0,82.0,16.0,75.0,74.0,7,0
204,2025_00-0037834,0.36850712037395544,-0.4064272590093611,0.0,0.14285714285714285,0.038314176245210725,0.030612244897959183,22.29090909090909,4.811846689895471,0.34544274194212915,0.23909898673210037,0.5272727272727272,0.7003484320557491,22,1.3636363636363635,359.0,0.06128133704735376,25.0,7.12,0.20861401561414822,0.06963788300835655,0.15696514494341227,2025,00-0037834,B.Purdy,2025_B.Purdy,81.0,90.0,78.0,89.0,14.0,77.0,73.0,7,0
205,2025_00-0039150,0.12029872216384066,-0.4460084991473437,0.0,0.17159763313609466,0.026385224274406333,0.011834319526627219,22.233766233766232,3.9954441913439633,0.41398279814740147,-0.002839536179913856,0.38961038961038963,0.6719817767653758,22,-0.22727272727272727,548.0,0.040145985401459854,35.0,7.0,0.5762229615565391,0.06386861313868614,-0.05434711798504646,2025,00-0039150,B.Young,2025_B.Young,84.0,89.0,87.0,85.0,13.0,88.0,70.0,9,1
206,2025_00-0039163,0.2929770710147944,-0.5292793900336049,0.0,0.18238993710691823,0.021505376344086023,0.031446540880503145,25.142857142857142,4.816867469879518,0.19054141338792394,0.1590498935093089,0.3333333333333333,0.689156626506024,24,0.625,531.0,0.04519774011299435,27.0,7.592592592592593,0.548086268585077,0.05084745762711865,0.046764684373183305,2025,00-0039163,C.Stroud,2025_C.Stroud,80.0,87.0,82.0,85.0,14.0,75.0,75.0,6,1
207,2025_00-0039376,0.11142651549289637,-0.49366570696316575,0.0,0.21176470588235294,0.016042780748663103,0.023529411764705882,25.25531914893617,4.072463768115942,0.14765953147416488,0.006794545961379264,0.2978723404255319,0.7729468599033816,16,3.3125,272.0,0.058823529411764705,16.0,7.125,0.4901017870361102,0.058823529411764705,-0.07766480402462307,2025,00-0039376,S.Rattler,2025_S.Rattler,77.0,85.0,82.0,84.0,15.0,78.0,72.0,6,1
208,2025_00-0039732,0.2552958609261516,-0.32753499963767485,0.0,0.11827956989247312,0.014056224899598393,0.026881720430107527,27.0,3.024074074074074,0.37287788975255143,0.09647858009403956,0.37606837606837606,0.6851851851851852,56,1.0714285714285714,684.0,0.08187134502923976,39.0,8.333333333333334,0.5828221584774721,0.05701754385964912,0.09680676726405846,2025,00-0039732,B.Nix,2025_B.Nix,76.0,90.0,88.0,90.0,10.0,73.0,74.0,6,4
209,2025_00-0039851,0.46851458829389925,-0.4707409718397117,0.0,0.3285024154589372,0.016877637130801686,0.01932367149758454,24.83448275862069,4.548179871520342,0.8022260662593859,0.2640446380348412,0.5241379310344828,0.7451820128479657,58,0.6551724137931034,681.0,0.08516886930983847,75.0,7.8933333333333335,0.5960742056989601,0.11013215859030837,0.1830139995308193,2025,00-0039851,D.Maye,2025_D.Maye,82.0,89.0,89.0,87.0,17.0,78.0,76.0,7,4
210,2025_00-0039910,0.140231676089636,-0.36716523535209755,0.0,0.2647058823529412,0.014705882352941176,0.014705882352941176,23.483870967741936,4.2709677419354835,0.3371180748812954,0.07055669215161346,0.4838709677419355,0.6387096774193548,21,1.5238095238095237,204.0,0.10294117647058823,38.0,6.473684210526316,0.2777465409101416,0.18627450980392157,-0.0289006277242752,2025,00-0039910,J.Daniels,2025_J.Daniels,91.0,91.0,90.0,91.0,21.0,88.0,76.0,6,3
211,2025_00-0039917,0.21702840385251404,-0.632947220300017,0.0,0.19117647058823528,0.013513513513513514,0.0,23.12727272727273,4.65158371040724,0.2565074579940888,0.08335854451209658,0.4,0.6515837104072398,8,-0.875,290.0,0.027586206896551724,13.0,5.923076923076923,0.8907060748337804,0.04482758620689655,0.017723774740886065,2025,00-0039917,M.Penix,2025_M.Penix,80.33818606654665,85.89521410013772,83.52345360159336,81.58859945633799,16.99143874127597,79.16536339474828,74.0,2,1
212,2025_00-0039918,0.23475025633176205,-0.28665198988980634,0.0,0.12437810945273632,0.020618556701030927,0.009950248756218905,22.867924528301888,4.438631790744467,0.40038322572352364,0.07420387437205082,0.3836477987421384,0.635814889336016,37,0.7027027027027027,686.0,0.05393586005830904,49.0,8.510204081632653,0.5944832322797714,0.07142857142857142,0.08197787806567565,2025,00-0039918,C.Williams,2025_C.Williams,85.0,89.0,86.0,91.0,27.0,82.0,73.0,9,0
213,2025_00-0039923,0.023905984911526033,-0.6573552360343202,0.0,0.30337078651685395,0.05434782608695652,0.02247191011235955,23.816666666666666,3.8961748633879782,0.27459587815868614,-0.11073197480335618,0.45,0.6174863387978142,20,1.25,273.0,0.07326007326007326,17.0,9.176470588235293,0.6053630106479806,0.06227106227106227,-0.19819016404151546,2025,00-0039923,J.McCarthy,2025_J.McCarthy,88.0,88.0,85.0,91.0,15.0,83.0,75.0,9,1
214,2025_00-0040668,0.08806489705235457,-0.659554965116164,0.0,0.21495327102803738,0.03125,0.056074766355140186,27.0,3.005714285714286,0.12792068787632607,-0.12924441952226384,0.32432432432432434,0.6171428571428571,4,0.5,235.0,0.01702127659574468,18.0,9.277777777777779,0.5449072379706195,0.07659574468085106,-0.2523407423179922,2025,00-0040668,S.Sanders,2025_S.Sanders,81.0,81.0,78.0,92.0,42.0,79.0,74.0,1,1
215,2025_00-0040676,0.09279667636205705,-0.7953105921879586,0.0,0.2972972972972973,0.009828009828009828,0.016216216216216217,24.21505376344086,3.7274774774774775,0.250157944588019,-0.02766785224673671,0.3548387096774194,0.6531531531531531,16,0.5,592.0,0.02702702702702703,23.0,6.565217391304348,0.4661311384383535,0.03885135135135135,-0.18473684505982282,2025,00-0040676,C.Ward,2025_C.Ward,82.94965393595135,86.97972376673295,83.61521999304887,81.05045435343823,20.919435008060418,78.85518363122162,74.0,1,1
216,2025_00-0040691,0.23481028719701227,-0.5174253164608713,0.0,0.3125,0.011406844106463879,0.017857142857142856,26.34375,3.9671532846715327,0.32369388958074446,0.12222505811490533,0.375,0.7007299270072993,48,4.104166666666667,375.0,0.128,38.0,7.631578947368421,0.746744339952606,0.10133333333333333,0.010142586904524369,2025,00-0040691,J.Dart,2025_J.Dart,82.0,85.0,84.0,90.0,28.0,80.0,74.0,6,4
217,2025_00-0040704,-0.1328306462257982,-0.4284694252609078,0.0,0.31666666666666665,0.013888888888888888,0.0,21.523809523809526,3.8404907975460123,-0.3164936643563016,-0.04828208374723599,0.2857142857142857,0.6380368098159509,3,-1.0,204.0,0.014705882352941176,11.0,8.090909090909092,0.3504608564332805,0.05392156862745098,-0.21978322829494812,2025,00-0040704,D.Gabriel,2025_D.Gabriel,79.0,86.0,83.0,91.0,29.0,78.0,71.0,1,1
218,2025_00-0040743,0.24294693792282263,-0.7020118089716173,0.0,0.34831460674157305,0.018726591760299626,0.011235955056179775,24.951612903225808,4.435114503816794,0.4318733454515349,0.14829491185760255,0.3709677419354839,0.7557251908396947,26,2.423076923076923,356.0,0.07303370786516854,20.0,6.25,0.4088926166630699,0.056179775280898875,0.006707251199212631,2025,00-0040743,T.Shough,2025_T.Shough,77.0,84.0,84.0,82.0,32.0,75.0,77.0,6,1
